	ID	x	y	z	radius	volume_total	volume_nuclear_fluid	volume_nuclear_solid	volume_cytoplasmic_fluid	volume_cytoplasmic_solid	volume_calcified_fraction	phenotype	elapsed_time
0	0	261.453	273.016	0	1.75782	22.7515	1.91191e-22	0.000521173	8.33796e-18	22.751	0.000419824	102	57120
1	1	259.217	275.215	0	1.75857	22.7807	1.9583e-22	0.000523892	8.50682e-18	22.7801	0.000419824	102	57096
2	1171	325.074	555.533	0	1.75538	22.657	1.7686e-22	0.000512433	7.81196e-18	22.6565	0.000419824	102	57198
3	3	382.89	304.08	0	1.75594	22.6788	1.80069e-22	0.000514437	7.93032e-18	22.6783	0.000419824	102	57180
4	1281	373.766	600.002	0	10.451	4781.48	870.899	125.515	3305.24	479.823	0.000419824	101	342
5	5	385.93	302.951	0	1.75707	22.7224	1.86662e-22	0.000518468	8.17244e-18	22.7219	0.000419824	102	57144
6	6	217.81	297.873	0	1.75613	22.6861	1.81151e-22	0.000515107	7.97017e-18	22.6856	0.000419824	102	57174
7	7	388.433	305.022	0	1.7627	22.9416	2.2343e-22	0.000539101	9.49859e-18	22.9411	0.000419824	102	56964
8	8	216.37	295.027	0	1.75876	22.788	1.97007e-22	0.000524574	8.54957e-18	22.7874	0.000419824	102	57090
9	9	390.937	307.095	0	1.75932	22.8098	2.00581e-22	0.000526625	8.6791e-18	22.8093	0.000419824	102	57072
10	10	213.241	294.507	0	1.76101	22.8756	2.11697e-22	0.000532827	9.07961e-18	22.8751	0.000419824	102	57018
11	11	393.442	309.164	0	1.75951	22.8171	2.01787e-22	0.00052731	8.72272e-18	22.8166	0.000419824	102	57066
12	12	209.432	299.706	0	1.76157	22.8976	2.15538e-22	0.00053491	9.21717e-18	22.8971	0.000419824	102	57000
13	13	398.99	310.1	0	1.75576	22.6716	1.78993e-22	0.000513768	7.89067e-18	22.671	0.000419824	102	57186
14	14	199.904	295.101	0	1.7627	22.9416	2.2343e-22	0.000539101	9.49859e-18	22.9411	0.000419824	102	56964
15	1898	166.955	495.622	0	8.41271	2494	405	135	1465.5	488.5	0	14	16290
16	16	201.933	297.503	0	1.75519	22.6498	1.75803e-22	0.000511767	7.7729e-18	22.6493	0.000419824	102	57204
17	17	401.498	312.164	0	1.76138	22.8903	2.1425e-22	0.000534215	9.17109e-18	22.8898	0.000419824	102	57006
18	1250	340.194	12.4415	0	1.76101	22.8756	2.11697e-22	0.000532827	9.07961e-18	22.8751	0.000419824	102	57018
19	1120	305.726	64.307	0	1.76289	22.949	2.24773e-22	0.000539803	9.54632e-18	22.9484	0.000419824	102	56958
20	20	168.655	284.321	0	1.75838	22.7734	1.94659e-22	0.000523211	8.46429e-18	22.7728	0.000419824	102	57102
21	1731	257.804	241.72	0	8.41271	2494	405	135	1465.5	488.5	0	14	5388
22	22	134.106	295.013	0	1.75445	22.6208	1.71639e-22	0.000509111	7.6186e-18	22.6203	0.000419824	102	57228
23	1214	234.717	6.61634	0	1.75669	22.7079	1.84438e-22	0.000517121	8.09092e-18	22.7073	0.000419824	102	57156
24	24	136.406	292.728	0	1.75913	22.8025	1.99382e-22	0.00052594	8.63571e-18	22.802	0.000419824	102	57078
25	25	488.925	278.405	0	1.75669	22.7079	1.84438e-22	0.000517121	8.09092e-18	22.7073	0.000419824	102	57156
26	26	133.26	291.879	0	1.7612	22.883	2.1297e-22	0.00053352	9.12523e-18	22.8824	0.000419824	102	57012
27	27	537.657	359.592	0	1.76402	22.9931	2.33003e-22	0.000544033	9.83779e-18	22.9926	0.000419824	102	56922
28	1279	240.346	600.001	0	10.5137	4868.04	881.309	123.411	3385.49	477.83	0.000419824	102	42
29	1262	375.624	61.2941	0	1.75838	22.7734	1.94659e-22	0.000523211	8.46429e-18	22.7728	0.000419824	102	57102
30	970	205.362	138.758	0	1.75669	22.7079	1.84438e-22	0.000517121	8.09092e-18	22.7073	0.000419824	102	57156
31	31	557.327	314.057	0	1.76364	22.9784	2.30227e-22	0.000542619	9.73966e-18	22.9778	0.000419824	102	56934
32	32	18.3752	339.953	0	1.76082	22.8683	2.10432e-22	0.000532134	9.03421e-18	22.8678	0.000419824	102	57024
33	1085	425.739	533.263	0	1.75594	22.6788	1.80069e-22	0.000514437	7.93032e-18	22.6783	0.000419824	102	57180
34	1225	218.937	585.485	0	1.75669	22.7079	1.84438e-22	0.000517121	8.09092e-18	22.7073	0.000419824	102	57156
35	35	600	297.422	0	2.47428	63.4507	4.15191e-14	0.0336137	7.82549e-11	63.4171	0.000419824	102	37902
36	36	7.28782	336.194	0	1.76082	22.8683	2.10432e-22	0.000532134	9.03421e-18	22.8678	0.000419824	102	57024
37	37	258.254	272.121	0	1.75445	22.6208	1.71639e-22	0.000509111	7.6186e-18	22.6203	0.000419824	102	57228
38	38	262.258	276.189	0	1.75838	22.7734	1.94659e-22	0.000523211	8.46429e-18	22.7728	0.000419824	102	57102
39	39	260.695	269.967	0	1.75632	22.6933	1.8224e-22	0.000515777	8.01022e-18	22.6928	0.000419824	102	57168
40	40	264.573	273.902	0	1.76138	22.8903	2.1425e-22	0.000534215	9.17109e-18	22.8898	0.000419824	102	57006
41	948	346.058	91.0652	0	1.76421	23.0005	2.34404e-22	0.000544741	9.88723e-18	22.9999	0.000419824	102	56916
42	1128	197.998	67.5745	0	1.76458	23.0152	2.3723e-22	0.00054616	9.98685e-18	23.0146	0.000419824	102	56904
43	987	448.322	493.907	0	1.75744	22.737	1.88913e-22	0.000519819	8.25479e-18	22.7364	0.000419824	102	57132
44	44	263.794	270.743	0	1.75669	22.7079	1.84438e-22	0.000517121	8.09092e-18	22.7073	0.000419824	102	57156
45	45	385.386	306.152	0	1.75894	22.7952	1.98191e-22	0.000525256	8.59253e-18	22.7947	0.000419824	102	57084
46	1146	466.659	112.517	0	1.75894	22.7952	1.98191e-22	0.000525256	8.59253e-18	22.7947	0.000419824	102	57084
47	965	183.905	508.895	0	1.75894	22.7952	1.98191e-22	0.000525256	8.59253e-18	22.7947	0.000419824	102	57084
48	964	354.64	90.6478	0	1.75782	22.7515	1.91191e-22	0.000521173	8.33796e-18	22.751	0.000419824	102	57120
49	957	188.018	505.062	0	1.76195	22.9123	2.18137e-22	0.000536303	9.31004e-18	22.9118	0.000419824	102	56988
50	1217	224.03	588.107	0	1.76176	22.905	2.16834e-22	0.000535606	9.26349e-18	22.9044	0.000419824	102	56994
51	1274	343.679	-0.000854923	0	9.61881	3727.8	661.758	129.833	2452.38	483.832	0.000419824	101	186
52	52	230.107	283.152	0	1.75557	22.6643	1.77923e-22	0.0005131	7.85121e-18	22.6638	0.000419824	102	57192
53	53	387.889	308.226	0	1.75969	22.8245	2.03e-22	0.000527997	8.76655e-18	22.8239	0.000419824	102	57060
54	54	391.481	303.89	0	1.76063	22.861	2.09175e-22	0.000531442	8.98904e-18	22.8605	0.000419824	102	57030
55	55	214.556	297.552	0	1.75576	22.6716	1.78993e-22	0.000513768	7.89067e-18	22.671	0.000419824	102	57186
56	56	215.057	288.865	0	1.76176	22.905	2.16834e-22	0.000535606	9.26349e-18	22.9044	0.000419824	102	56994
57	985	143.239	491.694	0	1.75519	22.6498	1.75803e-22	0.000511767	7.7729e-18	22.6493	0.000419824	102	57204
58	58	393.98	305.964	0	1.75613	22.6861	1.81151e-22	0.000515107	7.97017e-18	22.6856	0.000419824	102	57174
59	59	211.369	297.095	0	1.75557	22.6643	1.77923e-22	0.0005131	7.85121e-18	22.6638	0.000419824	102	57192
60	60	210.024	294.001	0	1.76327	22.9637	2.27484e-22	0.000541209	9.64251e-18	22.9631	0.000419824	102	56946
61	61	398.454	313.3	0	1.75763	22.7442	1.90048e-22	0.000520495	8.29627e-18	22.7437	0.000419824	102	57126
62	1269	324.558	600.031	0	6.67717	1247	202.5	67.5	732.75	244.25	0	14	0
63	63	205.046	296.831	0	1.75669	22.7079	1.84438e-22	0.000517121	8.09092e-18	22.7073	0.000419824	102	57156
64	64	208.219	296.686	0	1.75801	22.7588	1.9234e-22	0.000521851	8.37986e-18	22.7583	0.000419824	102	57114
65	65	400.105	318.514	0	1.76026	22.8464	2.06683e-22	0.000530061	8.89937e-18	22.8458	0.000419824	102	57042
66	66	395.948	311.234	0	1.76026	22.8464	2.06683e-22	0.000530061	8.89937e-18	22.8458	0.000419824	102	57042
67	1160	336.72	7.99904	0	1.76101	22.8756	2.11697e-22	0.000532827	9.07961e-18	22.8751	0.000419824	102	57018
68	68	203.027	294.319	0	1.75801	22.7588	1.9234e-22	0.000521851	8.37986e-18	22.7583	0.000419824	102	57114
69	69	400.958	315.374	0	1.76364	22.9784	2.30227e-22	0.000542619	9.73966e-18	22.9778	0.000419824	102	56934
70	2147	209.273	86.05	0	8.40788	2489.7	404.616	134.953	1462.34	487.798	0	14	1362
71	71	171.996	302.76	0	1.75445	22.6208	1.71639e-22	0.000509111	7.6186e-18	22.6203	0.000419824	102	57228
72	72	200.677	291.985	0	1.76176	22.905	2.16834e-22	0.000535606	9.26349e-18	22.9044	0.000419824	102	56994
73	73	431.137	317.68	0	1.76552	23.0521	2.44447e-22	0.000549724	1.02403e-17	23.0515	0.000419824	102	56874
74	74	478.241	270.974	0	1.7627	22.9416	2.2343e-22	0.000539101	9.49859e-18	22.9411	0.000419824	102	56964
75	75	166.131	308.913	0	1.76232	22.927	2.20768e-22	0.000537701	9.40384e-18	22.9264	0.000419824	102	56976
76	76	168.883	281.057	0	1.76082	22.8683	2.10432e-22	0.000532134	9.03421e-18	22.8678	0.000419824	102	57024
77	1043	448.863	497.112	0	1.76383	22.9857	2.31611e-22	0.000543325	9.7886e-18	22.9852	0.000419824	102	56928
78	1058	93.6375	114.453	0	1.75782	22.7515	1.91191e-22	0.000521173	8.33796e-18	22.751	0.000419824	102	57120
79	920	176.336	67.0933	0	1.76458	23.0152	2.3723e-22	0.00054616	9.98685e-18	23.0146	0.000419824	102	56904
80	1079	189.27	510.553	0	1.75838	22.7734	1.94659e-22	0.000523211	8.46429e-18	22.7728	0.000419824	102	57102
81	81	491.865	277.021	0	1.76383	22.9857	2.31611e-22	0.000543325	9.7886e-18	22.9852	0.000419824	102	56928
82	2145	98.7514	135.7	0	8.41108	2492.55	404.877	134.986	1464.42	488.26	0	14	1518
83	83	114.397	315.897	0	1.76232	22.927	2.20768e-22	0.000537701	9.40384e-18	22.9264	0.000419824	102	56976
84	84	137.89	287.205	0	1.75913	22.8025	1.99382e-22	0.00052594	8.63571e-18	22.802	0.000419824	102	57078
85	2012	177.157	527.57	0	8.41112	2492.59	404.881	134.987	1464.45	488.266	0	14	1524
86	86	489.187	275.164	0	1.76458	23.0152	2.3723e-22	0.00054616	9.98685e-18	23.0146	0.000419824	102	56904
87	2042	181.024	410.52	0	8.41271	2494	405	135	1465.5	488.5	0	14	17376
88	1093	431.977	531.443	0	1.76364	22.9784	2.30227e-22	0.000542619	9.73966e-18	22.9778	0.000419824	102	56934
89	89	537.605	362.842	0	1.75557	22.6643	1.77923e-22	0.0005131	7.85121e-18	22.6638	0.000419824	102	57192
90	90	492.128	273.78	0	1.75838	22.7734	1.94659e-22	0.000523211	8.46429e-18	22.7728	0.000419824	102	57102
91	986	99.3671	117.489	0	1.75519	22.6498	1.75803e-22	0.000511767	7.7729e-18	22.6493	0.000419824	102	57204
92	92	132.404	288.749	0	1.75857	22.7807	1.9583e-22	0.000523892	8.50682e-18	22.7801	0.000419824	102	57096
93	1220	372.56	56.5751	0	1.75744	22.737	1.88913e-22	0.000519819	8.25479e-18	22.7364	0.000419824	102	57132
94	1273	340.452	600.002	0	10.0215	4215.9	759.684	127.822	2846.41	481.977	0.000419824	101	258
95	95	130.112	291.026	0	1.75576	22.6716	1.78993e-22	0.000513768	7.89067e-18	22.671	0.000419824	102	57186
96	96	129.283	287.875	0	1.75838	22.7734	1.94659e-22	0.000523211	8.46429e-18	22.7728	0.000419824	102	57102
97	97	555.559	316.792	0	1.76383	22.9857	2.31611e-22	0.000543325	9.7886e-18	22.9852	0.000419824	102	56928
98	1268	288.205	-0.00343057	0	10.1795	4418.37	799.776	126.993	3010.39	481.207	0.000419824	101	288
99	99	16.9701	337.027	0	1.75613	22.6861	1.81151e-22	0.000515107	7.97017e-18	22.6856	0.000419824	102	57174
100	100	43.2044	237.742	0	1.75838	22.7734	1.94659e-22	0.000523211	8.46429e-18	22.7728	0.000419824	102	57102
101	1172	372.9	63.0544	0	1.75463	22.6281	1.72671e-22	0.000509774	7.65689e-18	22.6275	0.000419824	102	57222
102	2114	14.3473	389.42	0	8.41271	2494	405	135	1465.5	488.5	0	14	7902
103	103	13.739	336.772	0	1.75519	22.6498	1.75803e-22	0.000511767	7.7729e-18	22.6493	0.000419824	102	57204
104	104	40.6229	239.72	0	1.76439	23.0078	2.35813e-22	0.00054545	9.93691e-18	23.0073	0.000419824	102	56910
105	105	600	301.757	0	2.10563	39.1052	4.84714e-18	0.00470844	4.02128e-14	39.1005	0.000419824	102	46968
106	106	596.359	296.01	0	1.75557	22.6643	1.77923e-22	0.0005131	7.85121e-18	22.6638	0.000419824	102	57192
107	107	10.5101	336.483	0	1.75801	22.7588	1.9234e-22	0.000521851	8.37986e-18	22.7583	0.000419824	102	57114
108	2087	147.387	288.539	0	8.41271	2494	405	135	1465.5	488.5	0	14	2904
109	109	600.001	316.477	0	9.29118	3359.71	586.705	131.362	2156.42	485.228	0.000419824	101	132
110	110	600.002	286.637	0	9.13733	3195.55	552.894	132.047	2024.76	485.849	0.000419824	101	108
111	111	-0.00352888	312.695	0	9.65377	3768.6	670.011	129.664	2485.24	483.677	0.000419824	101	192
112	112	-0.00134868	284.977	0	9.54807	3646.16	645.2	130.171	2386.64	484.142	0.000419824	101	174
113	113	300.677	347.334	0	1.75501	22.6425	1.74753e-22	0.000511102	7.73403e-18	22.642	0.000419824	102	57210
114	114	267.711	274.774	0	1.76345	22.971	2.28851e-22	0.000541914	9.69096e-18	22.9705	0.000419824	102	56940
115	115	300.215	350.547	0	1.76101	22.8756	2.11697e-22	0.000532827	9.07961e-18	22.8751	0.000419824	102	57018
116	116	265.388	277.046	0	1.75538	22.657	1.7686e-22	0.000512433	7.81196e-18	22.6565	0.000419824	102	57198
117	117	297.668	348.535	0	1.75519	22.6498	1.75803e-22	0.000511767	7.7729e-18	22.6493	0.000419824	102	57204
118	118	262.944	267.615	0	1.75744	22.737	1.88913e-22	0.000519819	8.25479e-18	22.7364	0.000419824	102	57132
119	119	303.232	349.335	0	1.76063	22.861	2.09175e-22	0.000531442	8.98904e-18	22.8605	0.000419824	102	57030
120	120	268.512	277.923	0	1.75669	22.7079	1.84438e-22	0.000517121	8.09092e-18	22.7073	0.000419824	102	57156
121	121	219.195	300.762	0	1.76045	22.8537	2.07925e-22	0.000530751	8.94409e-18	22.8532	0.000419824	102	57036
122	1267	292.415	600.005	0	10.5293	4889.8	886.418	123.571	3401.82	477.983	0.000419824	102	36
123	993	140.143	490.984	0	1.75482	22.6353	1.73709e-22	0.000510437	7.69536e-18	22.6348	0.000419824	102	57216
124	124	378.37	278.763	0	1.75651	22.7006	1.83336e-22	0.000516449	8.05047e-18	22.7001	0.000419824	102	57162
125	125	215.918	300.474	0	1.75669	22.7079	1.84438e-22	0.000517121	8.09092e-18	22.7073	0.000419824	102	57156
126	126	226.985	282.749	0	1.75988	22.8318	2.0422e-22	0.000528684	8.8106e-18	22.8312	0.000419824	102	57054
127	1176	369.84	58.3438	0	1.75726	22.7297	1.87784e-22	0.000519143	8.21351e-18	22.7292	0.000419824	102	57138
128	944	91.7806	162.206	0	1.75482	22.6353	1.73709e-22	0.000510437	7.69536e-18	22.6348	0.000419824	102	57216
129	129	213.975	303.086	0	1.76383	22.9857	2.31611e-22	0.000543325	9.7886e-18	22.9852	0.000419824	102	56928
130	991	490.163	469.372	0	1.76157	22.8976	2.15538e-22	0.00053491	9.21717e-18	22.8971	0.000419824	102	57000
131	131	384.841	309.356	0	1.76195	22.9123	2.18137e-22	0.000536303	9.31004e-18	22.9118	0.000419824	102	56988
132	132	388.975	301.815	0	1.76176	22.905	2.16834e-22	0.000535606	9.26349e-18	22.9044	0.000419824	102	56994
133	133	212.652	300.117	0	1.76045	22.8537	2.07925e-22	0.000530751	8.94409e-18	22.8532	0.000419824	102	57036
134	134	215.3	292.037	0	1.76195	22.9123	2.18137e-22	0.000536303	9.31004e-18	22.9118	0.000419824	102	56988
135	135	393.42	357.138	0	1.75744	22.737	1.88913e-22	0.000519819	8.25479e-18	22.7364	0.000419824	102	57132
136	966	222.263	132.027	0	1.75707	22.7224	1.86662e-22	0.000518468	8.17244e-18	22.7219	0.000419824	102	57144
137	1090	443.909	83.3113	0	1.75782	22.7515	1.91191e-22	0.000521173	8.33796e-18	22.751	0.000419824	102	57120
138	2097	156.308	484.361	0	8.41271	2494	405	135	1465.5	488.5	0	14	10824
139	1215	415.332	538.729	0	1.76232	22.927	2.20768e-22	0.000537701	9.40384e-18	22.9264	0.000419824	102	56976
140	140	396.488	308.028	0	1.76138	22.8903	2.1425e-22	0.000534215	9.17109e-18	22.8898	0.000419824	102	57006
141	141	177.899	299.822	0	1.75688	22.7151	1.85546e-22	0.000517794	8.13158e-18	22.7146	0.000419824	102	57150
142	142	185.6	284.804	0	1.75501	22.6425	1.74753e-22	0.000511102	7.73403e-18	22.642	0.000419824	102	57210
143	143	398.176	321.125	0	1.75538	22.657	1.7686e-22	0.000512433	7.81196e-18	22.6565	0.000419824	102	57198
144	1016	348.414	88.8298	0	1.75613	22.6861	1.81151e-22	0.000515107	7.97017e-18	22.6856	0.000419824	102	57174
145	2109	182.206	81.9004	0	8.41271	2494	405	135	1465.5	488.5	0	14	8958
146	1150	469.236	114.488	0	1.75463	22.6281	1.72671e-22	0.000509774	7.65689e-18	22.6275	0.000419824	102	57222
147	908	208.521	138.036	0	1.75576	22.6716	1.78993e-22	0.000513768	7.89067e-18	22.671	0.000419824	102	57186
148	148	484.129	268.2	0	1.76421	23.0005	2.34404e-22	0.000544741	9.88723e-18	22.9999	0.000419824	102	56916
149	149	174.723	304.367	0	1.75463	22.6281	1.72671e-22	0.000509774	7.65689e-18	22.6275	0.000419824	102	57222
150	150	171.876	299.604	0	1.75913	22.8025	1.99382e-22	0.00052594	8.63571e-18	22.802	0.000419824	102	57078
151	1956	150.141	520.244	0	2.42814	59.9668	0.0145831	43.1726	0.00607526	16.7735	0	100	198
152	979	442.577	495.887	0	1.75501	22.6425	1.74753e-22	0.000511102	7.73403e-18	22.642	0.000419824	102	57210
153	153	169.156	307.712	0	1.75707	22.7224	1.86662e-22	0.000518468	8.17244e-18	22.7219	0.000419824	102	57144
154	154	171.523	282.825	0	1.76439	23.0078	2.35813e-22	0.00054545	9.93691e-18	23.0073	0.000419824	102	56910
155	1106	471.819	116.451	0	1.75763	22.7442	1.90048e-22	0.000520495	8.29627e-18	22.7437	0.000419824	102	57126
156	156	478.518	267.735	0	1.75632	22.6933	1.8224e-22	0.000515777	8.01022e-18	22.6928	0.000419824	102	57168
157	157	160.658	310.275	0	1.76439	23.0078	2.35813e-22	0.00054545	9.93691e-18	23.0073	0.000419824	102	56910
158	1116	308.316	62.3421	0	1.75932	22.8098	2.00581e-22	0.000526625	8.6791e-18	22.8093	0.000419824	102	57072
159	159	491.587	280.262	0	1.75932	22.8098	2.00581e-22	0.000526625	8.6791e-18	22.8093	0.000419824	102	57072
160	1054	93.7563	117.694	0	1.75501	22.6425	1.74753e-22	0.000511102	7.73403e-18	22.642	0.000419824	102	57210
161	161	111.147	315.839	0	1.75913	22.8025	1.99382e-22	0.00052594	8.63571e-18	22.802	0.000419824	102	57078
162	162	135.551	289.575	0	1.75801	22.7588	1.9234e-22	0.000521851	8.37986e-18	22.7583	0.000419824	102	57114
163	163	534.833	364.527	0	1.75801	22.7588	1.9234e-22	0.000521851	8.37986e-18	22.7583	0.000419824	102	57114
164	907	178.584	507.32	0	1.76026	22.8464	2.06683e-22	0.000530061	8.89937e-18	22.8458	0.000419824	102	57042
165	165	112.819	313.052	0	1.76232	22.927	2.20768e-22	0.000537701	9.40384e-18	22.9264	0.000419824	102	56976
166	166	134.71	286.551	0	1.75482	22.6353	1.73709e-22	0.000510437	7.69536e-18	22.6348	0.000419824	102	57216
167	167	537.685	366.092	0	1.76534	23.0447	2.42986e-22	0.000549009	1.01891e-17	23.0441	0.000419824	102	56880
168	168	492.405	270.548	0	1.75876	22.788	1.97007e-22	0.000524574	8.54957e-18	22.7874	0.000419824	102	57090
169	169	16.5417	342.635	0	1.75951	22.8171	2.01787e-22	0.00052731	8.72272e-18	22.8166	0.000419824	102	57066
170	170	131.591	285.623	0	1.76138	22.8903	2.1425e-22	0.000534215	9.17109e-18	22.8898	0.000419824	102	57006
171	171	540.527	367.673	0	1.75838	22.7734	1.94659e-22	0.000523211	8.46429e-18	22.7728	0.000419824	102	57102
172	1137	424.947	536.391	0	1.76157	22.8976	2.15538e-22	0.00053491	9.21717e-18	22.8971	0.000419824	102	57000
173	173	15.1308	339.705	0	1.7627	22.9416	2.2343e-22	0.000539101	9.49859e-18	22.9411	0.000419824	102	56964
174	174	43.673	234.527	0	1.76138	22.8903	2.1425e-22	0.000534215	9.17109e-18	22.8898	0.000419824	102	57006
175	175	540.58	370.916	0	1.75594	22.6788	1.80069e-22	0.000514437	7.93032e-18	22.6783	0.000419824	102	57180
176	176	589.866	245.908	0	1.75838	22.7734	1.94659e-22	0.000523211	8.46429e-18	22.7728	0.000419824	102	57102
177	177	11.8917	339.434	0	1.75557	22.6643	1.77923e-22	0.0005131	7.85121e-18	22.6638	0.000419824	102	57192
178	2094	26.4762	379.618	0	8.41271	2494	405	135	1465.5	488.5	0	14	7902
179	179	600	305.731	0	2.1099	39.3438	5.43174e-18	0.00482627	4.42308e-14	39.339	0.000419824	102	46854
180	1221	222.438	590.892	0	1.76026	22.8464	2.06683e-22	0.000530061	8.89937e-18	22.8458	0.000419824	102	57042
181	975	419.227	488.313	0	1.75857	22.7807	1.9583e-22	0.000523892	8.50682e-18	22.7801	0.000419824	102	57096
182	2104	75.1655	212.394	0	8.41271	2494	405	135	1465.5	488.5	0	14	10248
183	1194	176.952	58.5198	0	1.76534	23.0447	2.42986e-22	0.000549009	1.01891e-17	23.0441	0.000419824	102	56880
184	184	593.567	294.364	0	1.75519	22.6498	1.75803e-22	0.000511767	7.7729e-18	22.6493	0.000419824	102	57204
185	185	8.70455	339.128	0	1.75838	22.7734	1.94659e-22	0.000523211	8.46429e-18	22.7728	0.000419824	102	57102
186	983	445.816	495.967	0	1.7627	22.9416	2.2343e-22	0.000539101	9.49859e-18	22.9411	0.000419824	102	56964
187	187	302.777	352.558	0	1.76534	23.0447	2.42986e-22	0.000549009	1.01891e-17	23.0441	0.000419824	102	56880
188	188	273.962	276.54	0	1.75594	22.6788	1.80069e-22	0.000514437	7.93032e-18	22.6783	0.000419824	102	57180
189	958	220.321	138.224	0	1.75576	22.6716	1.78993e-22	0.000513768	7.89067e-18	22.671	0.000419824	102	57186
190	1060	335.662	19.7207	0	1.76063	22.861	2.09175e-22	0.000531442	8.98904e-18	22.8605	0.000419824	102	57030
191	191	305.788	351.334	0	1.75463	22.6281	1.72671e-22	0.000509774	7.65689e-18	22.6275	0.000419824	102	57222
192	192	270.839	275.662	0	1.75744	22.737	1.88913e-22	0.000519819	8.25479e-18	22.7364	0.000419824	102	57132
193	193	297.193	351.744	0	1.75932	22.8098	2.00581e-22	0.000526625	8.6791e-18	22.8093	0.000419824	102	57072
194	194	260.785	250.063	0	1.75932	22.8098	2.00581e-22	0.000526625	8.6791e-18	22.8093	0.000419824	102	57072
195	195	310.935	355.301	0	1.76251	22.9343	2.22095e-22	0.0005384	9.4511e-18	22.9338	0.000419824	102	56970
196	1103	140.512	521.194	0	1.76364	22.9784	2.30227e-22	0.000542619	9.73966e-18	22.9778	0.000419824	102	56934
197	197	217.244	303.41	0	1.76327	22.9637	2.27484e-22	0.000541209	9.64251e-18	22.9631	0.000419824	102	56946
198	1024	375.784	64.5392	0	1.76007	22.8391	2.05448e-22	0.000529372	8.85488e-18	22.8385	0.000419824	102	57048
199	199	328.499	343.22	0	1.75445	22.6208	1.71639e-22	0.000509111	7.6186e-18	22.6203	0.000419824	102	57228
200	200	381.61	278.498	0	1.76458	23.0152	2.3723e-22	0.00054616	9.98685e-18	23.0146	0.000419824	102	56904
201	924	178.915	73.0459	0	1.76176	22.905	2.16834e-22	0.000535606	9.26349e-18	22.9044	0.000419824	102	56994
202	202	224.957	280.425	0	1.75707	22.7224	1.86662e-22	0.000518468	8.17244e-18	22.7219	0.000419824	102	57144
203	203	394.711	360.115	0	1.75669	22.7079	1.84438e-22	0.000517121	8.09092e-18	22.7073	0.000419824	102	57156
204	1947	496.793	443.045	0	2.72971	85.1998	0.107519	53.4618	0.0680739	31.5624	0	100	162
205	205	210.72	302.706	0	1.75838	22.7734	1.94659e-22	0.000523211	8.46429e-18	22.7728	0.000419824	102	57102
206	1117	326.524	550.094	0	1.76496	23.0299	2.40091e-22	0.000547583	1.00875e-17	23.0294	0.000419824	102	56892
207	207	395.349	354.52	0	1.76458	23.0152	2.3723e-22	0.00054616	9.98685e-18	23.0146	0.000419824	102	56904
208	945	327.138	541.524	0	1.75519	22.6498	1.75803e-22	0.000511767	7.7729e-18	22.6493	0.000419824	102	57204
209	1025	188.31	513.659	0	1.76007	22.8391	2.05448e-22	0.000529372	8.85488e-18	22.8385	0.000419824	102	57048
210	210	212.17	291.432	0	1.75613	22.6861	1.81151e-22	0.000515107	7.97017e-18	22.6856	0.000419824	102	57174
211	211	397.285	351.909	0	1.75669	22.7079	1.84438e-22	0.000517121	8.09092e-18	22.7073	0.000419824	102	57156
212	1026	195.603	65.2219	0	1.75819	22.7661	1.93496e-22	0.00052253	8.42197e-18	22.7656	0.000419824	102	57108
213	213	182.841	296.06	0	1.75688	22.7151	1.85546e-22	0.000517794	8.13158e-18	22.7146	0.000419824	102	57150
214	1234	175.171	55.7941	0	1.75632	22.6933	1.8224e-22	0.000515777	8.01022e-18	22.6928	0.000419824	102	57168
215	215	401.399	321.496	0	1.75988	22.8318	2.0422e-22	0.000528684	8.8106e-18	22.8312	0.000419824	102	57054
216	1064	302.735	63.0357	0	1.75744	22.737	1.88913e-22	0.000519819	8.25479e-18	22.7364	0.000419824	102	57132
217	217	174.84	301.038	0	1.75876	22.788	1.97007e-22	0.000524574	8.54957e-18	22.7874	0.000419824	102	57090
218	218	183.686	287.395	0	1.75819	22.7661	1.93496e-22	0.00052253	8.42197e-18	22.7656	0.000419824	102	57108
219	219	445.743	348.406	0	1.75632	22.6933	1.8224e-22	0.000515777	8.01022e-18	22.6928	0.000419824	102	57168
220	220	480.915	272.826	0	1.75782	22.7515	1.91191e-22	0.000521173	8.33796e-18	22.751	0.000419824	102	57120
221	221	177.558	302.952	0	1.75876	22.788	1.97007e-22	0.000524574	8.54957e-18	22.7874	0.000419824	102	57090
222	1154	465.832	118.966	0	1.7627	22.9416	2.2343e-22	0.000539101	9.49859e-18	22.9411	0.000419824	102	56964
223	1402	600.001	271.988	0	8.41271	2494	405	135	1465.5	488.5	0	14	3984
224	224	422.247	204.557	0	1.75763	22.7442	1.90048e-22	0.000520495	8.29627e-18	22.7437	0.000419824	102	57126
225	225	171.927	306.011	0	1.75651	22.7006	1.83336e-22	0.000516449	8.05047e-18	22.7001	0.000419824	102	57162
226	1158	332.63	18.5625	0	1.75801	22.7588	1.9234e-22	0.000521851	8.37986e-18	22.7583	0.000419824	102	57114
227	227	479.841	393.561	0	1.75763	22.7442	1.90048e-22	0.000520495	8.29627e-18	22.7437	0.000419824	102	57126
228	228	483.856	271.444	0	1.76007	22.8391	2.05448e-22	0.000529372	8.85488e-18	22.8385	0.000419824	102	57048
229	229	163.003	308.019	0	1.75951	22.8171	2.01787e-22	0.00052731	8.72272e-18	22.8166	0.000419824	102	57066
230	230	169.202	277.835	0	1.75482	22.6353	1.73709e-22	0.000510437	7.69536e-18	22.6348	0.000419824	102	57216
231	999	486.214	464.825	0	1.76496	23.0299	2.40091e-22	0.000547583	1.00875e-17	23.0294	0.000419824	102	56892
232	232	481.185	269.589	0	1.76345	22.971	2.28851e-22	0.000541914	9.69096e-18	22.9705	0.000419824	102	56940
233	233	161.447	313.435	0	1.76477	23.0226	2.38656e-22	0.000546871	1.0037e-17	23.022	0.000419824	102	56898
234	1015	368.435	458.227	0	1.75482	22.6353	1.73709e-22	0.000510437	7.69536e-18	22.6348	0.000419824	102	57216
235	235	491.932	388.831	0	1.75782	22.7515	1.91191e-22	0.000521173	8.33796e-18	22.751	0.000419824	102	57120
236	236	486.524	273.299	0	1.75913	22.8025	1.99382e-22	0.00052594	8.63571e-18	22.802	0.000419824	102	57078
237	237	116.067	313.111	0	1.75651	22.7006	1.83336e-22	0.000516449	8.05047e-18	22.7001	0.000419824	102	57162
238	238	138.578	290.383	0	1.75913	22.8025	1.99382e-22	0.00052594	8.63571e-18	22.802	0.000419824	102	57078
239	239	534.897	367.778	0	1.76421	23.0005	2.34404e-22	0.000544741	9.88723e-18	22.9999	0.000419824	102	56916
240	240	489.465	271.924	0	1.75482	22.6353	1.73709e-22	0.000510437	7.69536e-18	22.6348	0.000419824	102	57216
241	1907	194.67	92.0728	0	8.40978	2491.4	404.769	134.972	1463.58	488.073	0	14	1392
242	1086	443.506	86.5337	0	1.75988	22.8318	2.0422e-22	0.000528684	8.8106e-18	22.8312	0.000419824	102	57054
243	243	537.745	369.343	0	1.75613	22.6861	1.81151e-22	0.000515107	7.97017e-18	22.6856	0.000419824	102	57174
244	244	591.543	248.693	0	1.76308	22.9563	2.26124e-22	0.000540506	9.5943e-18	22.9558	0.000419824	102	56952
245	1247	249.166	592.907	0	1.76327	22.9637	2.27484e-22	0.000541209	9.64251e-18	22.9631	0.000419824	102	56946
246	915	175.165	499.532	0	1.75519	22.6498	1.75803e-22	0.000511767	7.7729e-18	22.6493	0.000419824	102	57204
247	1208	339.678	9.31513	0	1.75557	22.6643	1.77923e-22	0.0005131	7.85121e-18	22.6638	0.000419824	102	57192
248	1282	380.811	-0.00264977	0	10.2525	4514.22	798.509	120.711	3119.77	475.238	0.000419824	102	144
249	1163	321.939	554.697	0	1.75838	22.7734	1.94659e-22	0.000523211	8.46429e-18	22.7728	0.000419824	102	57102
250	1007	320.737	524.238	0	1.76534	23.0447	2.42986e-22	0.000549009	1.01891e-17	23.0441	0.000419824	102	56880
251	1230	167.945	21.2282	0	1.75594	22.6788	1.80069e-22	0.000514437	7.93032e-18	22.6783	0.000419824	102	57180
252	252	594.386	250.111	0	1.76402	22.9931	2.33003e-22	0.000544033	9.83779e-18	22.9926	0.000419824	102	56922
253	1031	423.413	531.025	0	1.76176	22.905	2.16834e-22	0.000535606	9.26349e-18	22.9044	0.000419824	102	56994
254	254	46.2176	236.542	0	1.75482	22.6353	1.73709e-22	0.000510437	7.69536e-18	22.6348	0.000419824	102	57216
255	255	593.884	346.103	0	1.75669	22.7079	1.84438e-22	0.000517121	8.09092e-18	22.7073	0.000419824	102	57156
256	256	591.831	251.987	0	1.76571	23.0594	2.45916e-22	0.000550439	1.02918e-17	23.0589	0.000419824	102	56868
257	257	-0.00134643	373.22	0	2.50943	66.1935	9.1579e-14	0.0399108	1.51647e-10	66.1536	0.000419824	102	37110
258	258	11.5862	247.369	0	1.7612	22.883	2.1297e-22	0.00053352	9.12523e-18	22.8824	0.000419824	102	57012
259	259	600.004	338.984	0	8.41271	2494	405	135	1465.5	488.5	0	14	426
260	260	600.002	257.577	0	8.72653	2783.64	467.005	133.776	1695.45	487.407	0.000419824	101	48
261	261	-0.000549462	342.063	0	8.41271	2494	405	135	1465.5	488.5	0	14	354
262	262	-0.00347013	261.855	0	8.41271	2494	405	135	1465.5	488.5	0	14	384
263	263	302.35	355.782	0	1.75651	22.7006	1.83336e-22	0.000516449	8.05047e-18	22.7001	0.000419824	102	57162
264	1245	326.532	577.344	0	1.75463	22.6281	1.72671e-22	0.000509774	7.65689e-18	22.6275	0.000419824	102	57222
265	265	305.353	354.549	0	1.76101	22.8756	2.11697e-22	0.000532827	9.07961e-18	22.8751	0.000419824	102	57018
266	266	271.639	278.812	0	1.76327	22.9637	2.27484e-22	0.000541209	9.64251e-18	22.9631	0.000419824	102	56946
267	1960	34.1383	365.975	0	8.41271	2494	405	135	1465.5	488.5	0	14	11298
268	268	263.975	264.527	0	1.76063	22.861	2.09175e-22	0.000531442	8.98904e-18	22.8605	0.000419824	102	57030
269	269	308.36	353.315	0	1.76026	22.8464	2.06683e-22	0.000530061	8.89937e-18	22.8458	0.000419824	102	57042
270	1129	418.52	538.01	0	1.75445	22.6208	1.71639e-22	0.000509111	7.6186e-18	22.6203	0.000419824	102	57228
271	1050	96.5025	115.973	0	1.75538	22.657	1.7686e-22	0.000512433	7.81196e-18	22.6565	0.000419824	102	57198
272	272	262.401	258.731	0	1.75482	22.6353	1.73709e-22	0.000510437	7.69536e-18	22.6348	0.000419824	102	57216
273	1959	41.1319	385.089	0	8.41271	2494	405	135	1465.5	488.5	0	14	5622
274	274	410.909	201.643	0	1.76477	23.0226	2.38656e-22	0.000546871	1.0037e-17	23.022	0.000419824	102	56898
275	1145	431.196	534.595	0	1.75445	22.6208	1.71639e-22	0.000509111	7.6186e-18	22.6203	0.000419824	102	57228
276	276	264.234	261.312	0	1.75594	22.6788	1.80069e-22	0.000514437	7.93032e-18	22.6783	0.000419824	102	57180
277	981	146.376	492.425	0	1.75819	22.7661	1.93496e-22	0.00052253	8.42197e-18	22.7656	0.000419824	102	57108
278	278	413.773	203.177	0	1.75519	22.6498	1.75803e-22	0.000511767	7.7729e-18	22.6493	0.000419824	102	57204
279	279	216.181	333.51	0	1.7612	22.883	2.1297e-22	0.00053352	9.12523e-18	22.8824	0.000419824	102	57012
280	1584	444.312	491.577	0	3.19586	136.726	1.04884	68.6045	1.08332	65.9891	0	100	120
281	281	396.65	357.506	0	1.76421	23.0005	2.34404e-22	0.000544741	9.88723e-18	22.9999	0.000419824	102	56916
282	282	413.677	199.933	0	1.75876	22.788	1.97007e-22	0.000524574	8.54957e-18	22.7874	0.000419824	102	57090
283	283	213.566	335.445	0	1.76251	22.9343	2.22095e-22	0.0005384	9.4511e-18	22.9338	0.000419824	102	56970
284	284	192.271	210.938	0	1.75857	22.7807	1.9583e-22	0.000523892	8.50682e-18	22.7801	0.000419824	102	57096
285	285	398.584	354.887	0	1.76251	22.9343	2.22095e-22	0.0005384	9.4511e-18	22.9338	0.000419824	102	56970
286	286	410.821	198.39	0	1.75932	22.8098	2.00581e-22	0.000526625	8.6791e-18	22.8093	0.000419824	102	57072
287	287	184.078	298.998	0	1.75463	22.6281	1.72671e-22	0.000509774	7.65689e-18	22.6275	0.000419824	102	57222
288	2117	151.944	499.438	0	8.41271	2494	405	135	1465.5	488.5	0	14	7122
289	289	400.507	352.269	0	1.75519	22.6498	1.75803e-22	0.000511767	7.7729e-18	22.6493	0.000419824	102	57204
290	290	416.535	201.477	0	1.75876	22.788	1.97007e-22	0.000524574	8.54957e-18	22.7874	0.000419824	102	57090
291	291	180.872	298.529	0	1.75613	22.6861	1.81151e-22	0.000515107	7.97017e-18	22.6856	0.000419824	102	57174
292	292	171.889	279.667	0	1.75876	22.788	1.97007e-22	0.000524574	8.54957e-18	22.7874	0.000419824	102	57090
293	293	399.463	324.099	0	1.75463	22.6281	1.72671e-22	0.000509774	7.65689e-18	22.6275	0.000419824	102	57222
294	294	419.392	203.016	0	1.75594	22.6788	1.80069e-22	0.000514437	7.93032e-18	22.6783	0.000419824	102	57180
295	295	180.548	301.696	0	1.75838	22.7734	1.94659e-22	0.000523211	8.46429e-18	22.7728	0.000419824	102	57102
296	296	182.306	284.536	0	1.75988	22.8318	2.0422e-22	0.000528684	8.8106e-18	22.8312	0.000419824	102	57054
297	297	443.172	350.386	0	1.75801	22.7588	1.9234e-22	0.000521851	8.37986e-18	22.7583	0.000419824	102	57114
298	1034	177.173	64.0513	0	1.75613	22.6861	1.81151e-22	0.000515107	7.97017e-18	22.6856	0.000419824	102	57174
299	1248	231.611	5.94646	0	1.75838	22.7734	1.94659e-22	0.000523211	8.46429e-18	22.7728	0.000419824	102	57102
300	300	172.113	276.426	0	1.75445	22.6208	1.71639e-22	0.000509111	7.6186e-18	22.6203	0.000419824	102	57228
301	301	482.38	395.588	0	1.76176	22.905	2.16834e-22	0.000535606	9.26349e-18	22.9044	0.000419824	102	56994
302	1114	338.177	17.6692	0	1.75463	22.6281	1.72671e-22	0.000509774	7.65689e-18	22.6275	0.000419824	102	57222
303	1118	341.212	18.8311	0	1.75969	22.8245	2.03e-22	0.000527997	8.76655e-18	22.8239	0.000419824	102	57060
304	989	144.191	494.724	0	1.75557	22.6643	1.77923e-22	0.0005131	7.85121e-18	22.6638	0.000419824	102	57192
305	305	482.865	392.371	0	1.76232	22.927	2.20768e-22	0.000537701	9.40384e-18	22.9264	0.000419824	102	56976
306	1003	327.977	544.654	0	1.75538	22.657	1.7686e-22	0.000512433	7.81196e-18	22.6565	0.000419824	102	57198
307	307	163.786	311.171	0	1.75988	22.8318	2.0422e-22	0.000528684	8.8106e-18	22.8312	0.000419824	102	57054
308	1228	378.516	62.779	0	1.76176	22.905	2.16834e-22	0.000535606	9.26349e-18	22.9044	0.000419824	102	56994
309	309	488.912	390.016	0	1.75632	22.6933	1.8224e-22	0.000515777	8.01022e-18	22.6928	0.000419824	102	57168
310	310	486.801	270.062	0	1.76345	22.971	2.28851e-22	0.000541914	9.69096e-18	22.9705	0.000419824	102	56940
311	1271	274.814	600.001	0	9.95682	4134.76	743.531	128.155	2780.79	482.286	0.000419824	101	246
312	312	108.771	218.212	0	1.76364	22.9784	2.30227e-22	0.000542619	9.73966e-18	22.9778	0.000419824	102	56934
313	313	535.014	374.288	0	1.76327	22.9637	2.27484e-22	0.000541209	9.64251e-18	22.9631	0.000419824	102	56946
314	314	489.746	268.692	0	1.75707	22.7224	1.86662e-22	0.000518468	8.17244e-18	22.7219	0.000419824	102	57144
315	315	52.6104	388.217	0	1.76289	22.949	2.24773e-22	0.000539803	9.54632e-18	22.9484	0.000419824	102	56958
316	316	72.8365	221.528	0	1.7627	22.9416	2.2343e-22	0.000539101	9.49859e-18	22.9411	0.000419824	102	56964
317	994	96.6209	119.215	0	1.75819	22.7661	1.93496e-22	0.00052253	8.42197e-18	22.7656	0.000419824	102	57108
318	318	592.162	230.819	0	1.76176	22.905	2.16834e-22	0.000535606	9.26349e-18	22.9044	0.000419824	102	56994
319	319	49.558	389.403	0	1.75445	22.6208	1.71639e-22	0.000509111	7.6186e-18	22.6203	0.000419824	102	57228
320	320	42.3922	220.92	0	1.75538	22.657	1.7686e-22	0.000512433	7.81196e-18	22.6565	0.000419824	102	57198
321	321	537.797	372.595	0	1.76458	23.0152	2.3723e-22	0.00054616	9.98685e-18	23.0146	0.000419824	102	56904
322	1152	170.469	58.8718	0	1.75594	22.6788	1.80069e-22	0.000514437	7.93032e-18	22.6783	0.000419824	102	57180
323	323	53.0254	384.938	0	1.75613	22.6861	1.81151e-22	0.000515107	7.97017e-18	22.6856	0.000419824	102	57174
324	324	39.5669	219.324	0	1.75988	22.8318	2.0422e-22	0.000528684	8.8106e-18	22.8312	0.000419824	102	57054
325	1239	284.887	591.223	0	1.75894	22.7952	1.98191e-22	0.000525256	8.59253e-18	22.7947	0.000419824	102	57084
326	326	593.563	227.883	0	1.76195	22.9123	2.18137e-22	0.000536303	9.31004e-18	22.9118	0.000419824	102	56988
327	903	181.714	506.522	0	1.75632	22.6933	1.8224e-22	0.000515777	8.01022e-18	22.6928	0.000419824	102	57168
328	328	45.1908	219.276	0	1.76063	22.861	2.09175e-22	0.000531442	8.98904e-18	22.8605	0.000419824	102	57030
329	329	600.001	368.11	0	4.29658	332.244	0.267746	20.5519	4.00107	307.423	0.000419824	102	8310
330	1187	424.267	539.441	0	1.75838	22.7734	1.94659e-22	0.000523211	8.46429e-18	22.7728	0.000419824	102	57102
331	331	3.76377	374.394	0	1.7627	22.9416	2.2343e-22	0.000539101	9.49859e-18	22.9411	0.000419824	102	56964
332	332	10.8479	244.284	0	1.75445	22.6208	1.71639e-22	0.000509111	7.6186e-18	22.6203	0.000419824	102	57228
333	333	600	355.705	0	10.5764	4955.71	901.893	124.054	3451.32	478.443	0.000419824	102	18
334	334	600.002	240.69	0	10.5922	4977.9	907.099	124.216	3467.99	478.596	0.000419824	102	12
335	335	-0.00570514	358.55	0	10.3322	4620.31	839.453	126.17	3174.25	480.437	0.000419824	101	318
336	336	-0.000367558	244.933	0	10.5137	4868.04	881.309	123.411	3385.49	477.83	0.000419824	102	42
337	337	304.917	357.768	0	1.75894	22.7952	1.98191e-22	0.000525256	8.59253e-18	22.7947	0.000419824	102	57084
338	338	288.324	254.37	0	1.75988	22.8318	2.0422e-22	0.000528684	8.8106e-18	22.8312	0.000419824	102	57054
339	339	294.651	349.724	0	1.75782	22.7515	1.91191e-22	0.000521173	8.33796e-18	22.751	0.000419824	102	57120
340	1994	100.231	166.119	0	8.41271	2494	405	135	1465.5	488.5	0	14	22734
341	341	356.842	394.171	0	1.76477	23.0226	2.38656e-22	0.000546871	1.0037e-17	23.022	0.000419824	102	56898
342	1165	281.604	591.313	0	1.75463	22.6281	1.72671e-22	0.000509774	7.65689e-18	22.6275	0.000419824	102	57222
343	343	218.804	331.582	0	1.76477	23.0226	2.38656e-22	0.000546871	1.0037e-17	23.022	0.000419824	102	56898
344	1798	169.306	73.1247	0	8.41271	2494	405	135	1465.5	488.5	0	14	13380
345	2037	171.371	480.932	0	8.27096	2370.05	388.494	132.12	1379.57	469.859	0	14	564
346	346	314.461	245.976	0	1.76458	23.0152	2.3723e-22	0.00054616	9.98685e-18	23.0146	0.000419824	102	56904
347	1284	224.716	-0.00147737	0	8.41271	2494	405	135	1465.5	488.5	0	14	498
348	348	257.543	254.525	0	1.75613	22.6861	1.81151e-22	0.000515107	7.97017e-18	22.6856	0.000419824	102	57174
349	1055	487.274	467.894	0	1.75819	22.7661	1.93496e-22	0.00052253	8.42197e-18	22.7656	0.000419824	102	57108
350	350	411.017	204.901	0	1.76571	23.0594	2.45916e-22	0.000550439	1.02918e-17	23.0589	0.000419824	102	56868
351	351	219.156	334.813	0	1.75613	22.6861	1.81151e-22	0.000515107	7.97017e-18	22.6856	0.000419824	102	57174
352	352	254.434	253.723	0	1.75763	22.7442	1.90048e-22	0.000520495	8.29627e-18	22.7437	0.000419824	102	57126
353	1983	180.298	97.5014	0	8.41271	2494	405	135	1465.5	488.5	0	14	24474
354	1164	340.69	15.6335	0	1.75501	22.6425	1.74753e-22	0.000511102	7.73403e-18	22.642	0.000419824	102	57210
355	355	216.546	336.736	0	1.75501	22.6425	1.74753e-22	0.000511102	7.73403e-18	22.642	0.000419824	102	57210
356	356	194.656	208.738	0	1.75613	22.6861	1.81151e-22	0.000515107	7.97017e-18	22.6856	0.000419824	102	57174
357	357	392.367	362.359	0	1.75744	22.737	1.88913e-22	0.000519819	8.25479e-18	22.7364	0.000419824	102	57132
358	1571	76.7997	397.927	0	8.41271	2494	405	135	1465.5	488.5	0	14	5664
359	359	195.819	395.202	0	1.76082	22.8683	2.10432e-22	0.000532134	9.03421e-18	22.8678	0.000419824	102	57024
360	1232	433.197	57.4578	0	1.75482	22.6353	1.73709e-22	0.000510437	7.69536e-18	22.6348	0.000419824	102	57216
361	361	395.481	363.265	0	1.75613	22.6861	1.81151e-22	0.000515107	7.97017e-18	22.6856	0.000419824	102	57174
362	362	416.44	198.232	0	1.75707	22.7224	1.86662e-22	0.000518468	8.17244e-18	22.7219	0.000419824	102	57144
363	363	192.578	395.038	0	1.75557	22.6643	1.77923e-22	0.0005131	7.85121e-18	22.6638	0.000419824	102	57192
364	364	188.526	206.606	0	1.75557	22.6643	1.77923e-22	0.0005131	7.85121e-18	22.6638	0.000419824	102	57192
365	1252	232.488	9.02588	0	1.76552	23.0521	2.44447e-22	0.000549724	1.02403e-17	23.0515	0.000419824	102	56874
366	366	419.297	199.773	0	1.75838	22.7734	1.94659e-22	0.000523211	8.46429e-18	22.7728	0.000419824	102	57102
367	367	175.573	392.096	0	1.75894	22.7952	1.98191e-22	0.000525256	8.59253e-18	22.7947	0.000419824	102	57084
368	368	185.524	205.376	0	1.75913	22.8025	1.99382e-22	0.00052594	8.63571e-18	22.802	0.000419824	102	57078
369	369	469.658	437.075	0	1.75594	22.6788	1.80069e-22	0.000514437	7.93032e-18	22.6783	0.000419824	102	57180
370	370	422.151	201.316	0	1.75501	22.6425	1.74753e-22	0.000511102	7.73403e-18	22.642	0.000419824	102	57210
371	371	173.104	394.147	0	1.76157	22.8976	2.15538e-22	0.00053491	9.21717e-18	22.8971	0.000419824	102	57000
372	972	446.099	88.4852	0	1.75501	22.6425	1.74753e-22	0.000511102	7.73403e-18	22.642	0.000419824	102	57210
373	373	470.032	440.293	0	1.75482	22.6353	1.73709e-22	0.000510437	7.69536e-18	22.6348	0.000419824	102	57216
374	2132	168.108	401.891	0	8.41271	2494	405	135	1465.5	488.5	0	14	4650
375	1197	169.513	533.04	0	1.76176	22.905	2.16834e-22	0.000535606	9.26349e-18	22.9044	0.000419824	102	56994
376	968	369.18	91.1577	0	1.75632	22.6933	1.8224e-22	0.000515777	8.01022e-18	22.6928	0.000419824	102	57168
377	377	485.402	394.399	0	1.75538	22.657	1.7686e-22	0.000512433	7.81196e-18	22.6565	0.000419824	102	57198
378	378	481.453	266.354	0	1.75501	22.6425	1.74753e-22	0.000511102	7.73403e-18	22.642	0.000419824	102	57210
379	379	169.413	389.971	0	1.75782	22.7515	1.91191e-22	0.000521173	8.33796e-18	22.751	0.000419824	102	57120
380	380	113.047	185.187	0	1.75801	22.7588	1.9234e-22	0.000521851	8.37986e-18	22.7583	0.000419824	102	57114
381	381	485.892	391.195	0	1.75538	22.657	1.7686e-22	0.000512433	7.81196e-18	22.6565	0.000419824	102	57198
382	909	417.649	485.478	0	1.76552	23.0521	2.44447e-22	0.000549724	1.02403e-17	23.0515	0.000419824	102	56874
383	383	67.4161	396.208	0	1.75557	22.6643	1.77923e-22	0.0005131	7.85121e-18	22.6638	0.000419824	102	57192
384	384	111.074	187.765	0	1.75819	22.7661	1.93496e-22	0.00052253	8.42197e-18	22.7656	0.000419824	102	57108
385	385	491.448	392.043	0	1.76045	22.8537	2.07925e-22	0.000530751	8.94409e-18	22.8532	0.000419824	102	57036
386	386	492.682	267.315	0	1.75594	22.6788	1.80069e-22	0.000514437	7.93032e-18	22.6783	0.000419824	102	57180
387	387	68.9257	393.414	0	1.75707	22.7224	1.86662e-22	0.000518468	8.17244e-18	22.7219	0.000419824	102	57144
388	1102	468.828	117.707	0	1.75801	22.7588	1.9234e-22	0.000521851	8.37986e-18	22.7583	0.000419824	102	57114
389	389	535.088	377.539	0	1.75857	22.7807	1.9583e-22	0.000523892	8.50682e-18	22.7801	0.000419824	102	57096
390	2024	80.9105	226.696	0	8.41271	2494	405	135	1465.5	488.5	0	14	5160
391	391	47.5499	391.952	0	1.76214	22.9196	2.19449e-22	0.000537002	9.35683e-18	22.9191	0.000419824	102	56982
392	923	144.83	486.318	0	1.75707	22.7224	1.86662e-22	0.000518468	8.17244e-18	22.7219	0.000419824	102	57144
393	393	537.869	375.853	0	1.76383	22.9857	2.31611e-22	0.000543325	9.7886e-18	22.9852	0.000419824	102	56928
394	2076	73.0209	181.58	0	8.41271	2494	405	135	1465.5	488.5	0	14	14574
395	395	50.1272	386.231	0	1.76007	22.8391	2.05448e-22	0.000529372	8.85488e-18	22.8385	0.000419824	102	57048
396	396	42.3647	217.679	0	1.75576	22.6716	1.78993e-22	0.000513768	7.89067e-18	22.671	0.000419824	102	57186
397	397	540.652	374.164	0	1.76308	22.9563	2.26124e-22	0.000540506	9.5943e-18	22.9558	0.000419824	102	56952
398	1944	224.452	291.25	0	8.41271	2494	405	135	1465.5	488.5	0	14	11184
399	399	50.3771	383.014	0	1.75819	22.7661	1.93496e-22	0.00052253	8.42197e-18	22.7656	0.000419824	102	57108
400	1012	343.809	74.7299	0	1.76082	22.8683	2.10432e-22	0.000532134	9.03421e-18	22.8678	0.000419824	102	57024
401	401	594.795	366.056	0	1.76571	23.0594	2.45916e-22	0.000550439	1.02918e-17	23.0589	0.000419824	102	56868
402	402	596.437	226.425	0	1.75838	22.7734	1.94659e-22	0.000523211	8.46429e-18	22.7728	0.000419824	102	57102
403	1051	487.428	471.134	0	1.75669	22.7079	1.84438e-22	0.000517121	8.09092e-18	22.7073	0.000419824	102	57156
404	404	9.54557	238.059	0	1.75651	22.7006	1.83336e-22	0.000516449	8.05047e-18	22.7001	0.000419824	102	57162
405	405	600.002	375.273	0	4.28158	328.776	0.232213	19.9201	3.55275	305.071	0.000419824	102	8454
406	406	593.689	224.665	0	1.75557	22.6643	1.77923e-22	0.0005131	7.85121e-18	22.6638	0.000419824	102	57192
407	2033	193.923	277.527	0	8.41271	2494	405	135	1465.5	488.5	0	14	3828
408	408	10.3163	241.128	0	1.75557	22.6643	1.77923e-22	0.0005131	7.85121e-18	22.6638	0.000419824	102	57192
409	1922	419.579	547.038	0	8.41271	2494	405	135	1465.5	488.5	0	14	4128
410	2107	247.839	269.368	0	1.43395	12.3506	5.29871e-08	11.9727	1.79316e-09	0.377881	0	100	414
411	411	307.925	356.538	0	1.76157	22.8976	2.15538e-22	0.00053491	9.21717e-18	22.8971	0.000419824	102	57000
412	412	278.717	254.491	0	1.75501	22.6425	1.74753e-22	0.000511102	7.73403e-18	22.642	0.000419824	102	57210
413	413	294.257	425.426	0	1.76157	22.8976	2.15538e-22	0.00053491	9.21717e-18	22.8971	0.000419824	102	57000
414	414	254.622	250.508	0	1.76138	22.8903	2.1425e-22	0.000534215	9.17109e-18	22.8898	0.000419824	102	57006
415	1251	228.696	592.131	0	1.75857	22.7807	1.9583e-22	0.000523892	8.50682e-18	22.7801	0.000419824	102	57096
416	1272	272.099	-0.000358885	0	8.41271	2494	405	135	1465.5	488.5	0	14	696
417	417	285.547	414.14	0	1.76402	22.9931	2.33003e-22	0.000544033	9.83779e-18	22.9926	0.000419824	102	56922
418	418	257.724	251.27	0	1.75688	22.7151	1.85546e-22	0.000517794	8.13158e-18	22.7146	0.000419824	102	57150
419	1179	419.516	535.019	0	1.75576	22.6716	1.78993e-22	0.000513768	7.89067e-18	22.671	0.000419824	102	57186
420	1076	201.104	68.6708	0	1.75557	22.6643	1.77923e-22	0.0005131	7.85121e-18	22.6638	0.000419824	102	57192
421	421	291.193	424.352	0	1.75538	22.657	1.7686e-22	0.000512433	7.81196e-18	22.6565	0.000419824	102	57198
422	2086	76.605	196.692	0	8.41271	2494	405	135	1465.5	488.5	0	14	12702
423	423	353.608	393.855	0	1.75519	22.6498	1.75803e-22	0.000511767	7.7729e-18	22.6493	0.000419824	102	57204
424	424	412.142	187.402	0	1.75651	22.7006	1.83336e-22	0.000516449	8.05047e-18	22.7001	0.000419824	102	57162
425	425	200.255	403.875	0	1.75932	22.8098	2.00581e-22	0.000526625	8.6791e-18	22.8093	0.000419824	102	57072
426	426	260.437	256.218	0	1.75876	22.788	1.97007e-22	0.000524574	8.54957e-18	22.7874	0.000419824	102	57090
427	1236	281.225	8.53412	0	1.75613	22.6861	1.81151e-22	0.000515107	7.97017e-18	22.6856	0.000419824	102	57174
428	428	415.384	187.34	0	1.75988	22.8318	2.0422e-22	0.000528684	8.8106e-18	22.8312	0.000419824	102	57054
429	429	198.774	400.986	0	1.75707	22.7224	1.86662e-22	0.000518468	8.17244e-18	22.7219	0.000419824	102	57144
430	430	193.952	205.57	0	1.75932	22.8098	2.00581e-22	0.000526625	8.6791e-18	22.8093	0.000419824	102	57072
431	1115	319.303	556.586	0	1.75445	22.6208	1.71639e-22	0.000509111	7.6186e-18	22.6203	0.000419824	102	57228
432	432	413.811	190.185	0	1.75557	22.6643	1.77923e-22	0.0005131	7.85121e-18	22.6638	0.000419824	102	57192
433	433	197.296	398.095	0	1.75894	22.7952	1.98191e-22	0.000525256	8.59253e-18	22.7947	0.000419824	102	57084
434	434	191.557	207.768	0	1.76082	22.8683	2.10432e-22	0.000532134	9.03421e-18	22.8678	0.000419824	102	57024
435	946	342.653	71.6965	0	1.75538	22.657	1.7686e-22	0.000512433	7.81196e-18	22.6565	0.000419824	102	57198
436	436	413.586	196.683	0	1.75838	22.7734	1.94659e-22	0.000523211	8.46429e-18	22.7728	0.000419824	102	57102
437	996	479.573	122.343	0	1.76026	22.8464	2.06683e-22	0.000530061	8.89937e-18	22.8458	0.000419824	102	57042
438	1841	245.397	250.984	0	8.41271	2494	405	135	1465.5	488.5	0	14	17670
439	971	427.856	470.883	0	1.75763	22.7442	1.90048e-22	0.000520495	8.29627e-18	22.7437	0.000419824	102	57126
440	2143	17.0999	404.757	0	8.41187	2493.25	404.94	134.994	1464.94	488.375	0	14	1662
441	441	172.508	390.982	0	1.7627	22.9416	2.2343e-22	0.000539101	9.49859e-18	22.9411	0.000419824	102	56964
442	442	130.729	175.283	0	1.75969	22.8245	2.03e-22	0.000527997	8.76655e-18	22.8239	0.000419824	102	57060
443	443	473.004	441.582	0	1.75576	22.6716	1.78993e-22	0.000513768	7.89067e-18	22.671	0.000419824	102	57186
444	444	425.01	202.851	0	1.75969	22.8245	2.03e-22	0.000527997	8.76655e-18	22.8239	0.000419824	102	57060
445	445	170.033	393.046	0	1.75951	22.8171	2.01787e-22	0.00052731	8.72272e-18	22.8166	0.000419824	102	57066
446	446	127.481	175.497	0	1.76195	22.9123	2.18137e-22	0.000536303	9.31004e-18	22.9118	0.000419824	102	56988
447	447	472.634	438.36	0	1.75463	22.6281	1.72671e-22	0.000509774	7.65689e-18	22.6275	0.000419824	102	57222
448	1081	420.293	531.883	0	1.76534	23.0447	2.42986e-22	0.000549009	1.01891e-17	23.0441	0.000419824	102	56880
449	449	166.862	392.132	0	1.75857	22.7807	1.9583e-22	0.000523892	8.50682e-18	22.7801	0.000419824	102	57096
450	1156	168.952	61.7321	0	1.75501	22.6425	1.74753e-22	0.000511102	7.73403e-18	22.642	0.000419824	102	57210
451	1135	220.768	588.161	0	1.75557	22.6643	1.77923e-22	0.0005131	7.85121e-18	22.6638	0.000419824	102	57192
452	932	86.7432	150.284	0	1.75707	22.7224	1.86662e-22	0.000518468	8.17244e-18	22.7219	0.000419824	102	57144
453	453	166.458	388.832	0	1.75632	22.6933	1.8224e-22	0.000515777	8.01022e-18	22.6928	0.000419824	102	57168
454	454	109.831	184.768	0	1.75557	22.6643	1.77923e-22	0.0005131	7.85121e-18	22.6638	0.000419824	102	57192
455	2017	294.812	415.691	0	8.41271	2494	405	135	1465.5	488.5	0	14	3138
456	1170	235.695	9.69195	0	1.76232	22.927	2.20768e-22	0.000537701	9.40384e-18	22.9264	0.000419824	102	56976
457	457	65.7442	393.386	0	1.76232	22.927	2.20768e-22	0.000537701	9.40384e-18	22.9264	0.000419824	102	56976
458	2062	428.206	491.002	0	8.41271	2494	405	135	1465.5	488.5	0	14	6924
459	1253	406.335	539.639	0	1.75819	22.7661	1.93496e-22	0.00052253	8.42197e-18	22.7656	0.000419824	102	57108
460	1155	143.377	522.621	0	1.76007	22.8391	2.05448e-22	0.000529372	8.85488e-18	22.8385	0.000419824	102	57048
461	1283	223.58	600.004	0	8.41271	2494	405	135	1465.5	488.5	0	14	504
462	462	72.0387	224.659	0	1.76214	22.9196	2.19449e-22	0.000537002	9.35683e-18	22.9191	0.000419824	102	56982
463	463	537.931	379.102	0	1.75576	22.6716	1.78993e-22	0.000513768	7.89067e-18	22.671	0.000419824	102	57186
464	464	546.44	183.846	0	1.75763	22.7442	1.90048e-22	0.000520495	8.29627e-18	22.7437	0.000419824	102	57126
465	1242	342.73	10.4292	0	1.75538	22.657	1.7686e-22	0.000512433	7.81196e-18	22.6565	0.000419824	102	57198
466	466	64.2639	184.966	0	1.75819	22.7661	1.93496e-22	0.00052253	8.42197e-18	22.7656	0.000419824	102	57108
467	467	535.155	380.789	0	1.76251	22.9343	2.22095e-22	0.0005384	9.4511e-18	22.9338	0.000419824	102	56970
468	468	546.72	180.613	0	1.75632	22.6933	1.8224e-22	0.000515777	8.01022e-18	22.6928	0.000419824	102	57168
469	469	40.0405	372.947	0	1.75613	22.6861	1.81151e-22	0.000515107	7.97017e-18	22.6856	0.000419824	102	57174
470	927	145.532	489.446	0	1.76515	23.0373	2.41534e-22	0.000548296	1.01382e-17	23.0367	0.000419824	102	56886
471	1028	369.748	87.9665	0	1.75482	22.6353	1.73709e-22	0.000510437	7.69536e-18	22.6348	0.000419824	102	57216
472	1089	428.853	532.353	0	1.75988	22.8318	2.0422e-22	0.000528684	8.8106e-18	22.8312	0.000419824	102	57054
473	473	40.8069	375.971	0	1.75557	22.6643	1.77923e-22	0.0005131	7.85121e-18	22.6638	0.000419824	102	57192
474	911	175.469	508.17	0	1.76327	22.9637	2.27484e-22	0.000541209	9.64251e-18	22.9631	0.000419824	102	56946
475	942	478.775	128.776	0	1.75613	22.6861	1.81151e-22	0.000515107	7.97017e-18	22.6856	0.000419824	102	57174
476	952	346.826	94.2299	0	1.76552	23.0521	2.44447e-22	0.000549724	1.02403e-17	23.0515	0.000419824	102	56874
477	477	37.6488	375.206	0	1.75519	22.6498	1.75803e-22	0.000511767	7.7729e-18	22.6493	0.000419824	102	57204
478	1249	412.611	540.514	0	1.75876	22.788	1.97007e-22	0.000524574	8.54957e-18	22.7874	0.000419824	102	57090
479	479	600.002	388.603	0	10.5382	4902.14	894.312	125.026	3403.44	479.362	0.000419824	101	360
480	480	600.003	217.814	0	8.41271	2494	405	135	1465.5	488.5	0	14	510
481	481	-0.00315562	382.998	0	8.41271	2494	405	135	1465.5	488.5	0	14	570
482	482	-0.00644157	214.784	0	10.0535	4256.43	767.736	127.656	2879.22	481.823	0.000419824	101	264
483	1151	146.218	520.975	0	1.76458	23.0152	2.3723e-22	0.00054616	9.98685e-18	23.0146	0.000419824	102	56904
484	2136	471.204	482.486	0	3.9178	251.893	9.59281	88.0362	16.2973	137.967	0	100	78
485	485	297.257	424.335	0	1.76439	23.0078	2.35813e-22	0.00054545	9.93691e-18	23.0073	0.000419824	102	56910
486	486	337.494	121.792	0	1.75894	22.7952	1.98191e-22	0.000525256	8.59253e-18	22.7947	0.000419824	102	57084
487	487	299.899	426.113	0	1.75782	22.7515	1.91191e-22	0.000521173	8.33796e-18	22.751	0.000419824	102	57120
488	488	332.643	125.445	0	1.75557	22.6643	1.77923e-22	0.0005131	7.85121e-18	22.6638	0.000419824	102	57192
489	489	293.955	428.683	0	1.75932	22.8098	2.00581e-22	0.000526625	8.6791e-18	22.8093	0.000419824	102	57072
490	1141	428.081	535.511	0	1.76063	22.861	2.09175e-22	0.000531442	8.98904e-18	22.8605	0.000419824	102	57030
491	491	358.179	397.141	0	1.76232	22.927	2.20768e-22	0.000537701	9.40384e-18	22.9264	0.000419824	102	56976
492	492	389.193	182.997	0	1.76421	23.0005	2.34404e-22	0.000544741	9.88723e-18	22.9999	0.000419824	102	56916
493	1133	422.61	534.194	0	1.75613	22.6861	1.81151e-22	0.000515107	7.97017e-18	22.6856	0.000419824	102	57174
494	494	260.326	253.112	0	1.76402	22.9931	2.33003e-22	0.000544033	9.83779e-18	22.9926	0.000419824	102	56922
495	495	361.411	397.481	0	1.75744	22.737	1.88913e-22	0.000519819	8.25479e-18	22.7364	0.000419824	102	57132
496	1178	189.905	45.7921	0	1.76063	22.861	2.09175e-22	0.000531442	8.98904e-18	22.8605	0.000419824	102	57030
497	2124	68.7949	384.34	0	8.41271	2494	405	135	1465.5	488.5	0	14	5664
498	498	245.807	154.291	0	1.75932	22.8098	2.00581e-22	0.000526625	8.6791e-18	22.8093	0.000419824	102	57072
499	499	355.491	391.212	0	1.75894	22.7952	1.98191e-22	0.000525256	8.59253e-18	22.7947	0.000419824	102	57084
500	500	413.708	184.558	0	1.75594	22.6788	1.80069e-22	0.000514437	7.93032e-18	22.6783	0.000419824	102	57180
501	501	197.009	403.715	0	1.76045	22.8537	2.07925e-22	0.000530751	8.94409e-18	22.8532	0.000419824	102	57036
502	502	246.723	159.839	0	1.75744	22.737	1.88913e-22	0.000519819	8.25479e-18	22.7364	0.000419824	102	57132
503	503	422.491	445.466	0	1.76345	22.971	2.28851e-22	0.000541914	9.69096e-18	22.9705	0.000419824	102	56940
504	504	414.102	176.053	0	1.75501	22.6425	1.74753e-22	0.000511102	7.73403e-18	22.642	0.000419824	102	57210
505	505	195.528	400.822	0	1.76515	23.0373	2.41534e-22	0.000548296	1.01382e-17	23.0367	0.000419824	102	56886
506	2056	254.639	263.27	0	8.41271	2494	405	135	1465.5	488.5	0	14	16560
507	1200	337.658	14.4546	0	1.75838	22.7734	1.94659e-22	0.000523211	8.46429e-18	22.7728	0.000419824	102	57102
508	508	416.953	184.489	0	1.76345	22.971	2.28851e-22	0.000541914	9.69096e-18	22.9705	0.000419824	102	56940
509	509	194.052	397.927	0	1.75576	22.6716	1.78993e-22	0.000513768	7.89067e-18	22.671	0.000419824	102	57186
510	510	135.804	177.753	0	1.75463	22.6281	1.72671e-22	0.000509774	7.65689e-18	22.6275	0.000419824	102	57222
511	1256	229.314	8.23125	0	1.7612	22.883	2.1297e-22	0.00053352	9.12523e-18	22.8824	0.000419824	102	57012
512	512	413.619	193.43	0	1.75801	22.7588	1.9234e-22	0.000521851	8.37986e-18	22.7583	0.000419824	102	57114
513	1231	430.441	537.744	0	1.75463	22.6281	1.72671e-22	0.000509774	7.65689e-18	22.6275	0.000419824	102	57222
514	514	132.163	172.365	0	1.76157	22.8976	2.15538e-22	0.00053491	9.21717e-18	22.8971	0.000419824	102	57000
515	515	475.979	442.877	0	1.75913	22.8025	1.99382e-22	0.00052594	8.63571e-18	22.802	0.000419824	102	57078
516	1237	301.205	592.596	0	1.75482	22.6353	1.73709e-22	0.000510437	7.69536e-18	22.6348	0.000419824	102	57216
517	517	164.001	393.808	0	1.76308	22.9563	2.26124e-22	0.000540506	9.5943e-18	22.9558	0.000419824	102	56952
518	518	128.923	172.586	0	1.75613	22.6861	1.81151e-22	0.000515107	7.97017e-18	22.6856	0.000419824	102	57174
519	519	475.24	436.427	0	1.75669	22.7079	1.84438e-22	0.000517121	8.09092e-18	22.7073	0.000419824	102	57156
520	520	477.238	144.991	0	1.7612	22.883	2.1297e-22	0.00053352	9.12523e-18	22.8824	0.000419824	102	57012
521	521	161.118	392.374	0	1.75707	22.7224	1.86662e-22	0.000518468	8.17244e-18	22.7219	0.000419824	102	57144
522	522	122.441	172.992	0	1.75669	22.7079	1.84438e-22	0.000517121	8.09092e-18	22.7073	0.000419824	102	57156
523	523	472.26	435.136	0	1.76082	22.8683	2.10432e-22	0.000532134	9.03421e-18	22.8678	0.000419824	102	57024
524	524	477.685	141.773	0	1.75782	22.7515	1.91191e-22	0.000521173	8.33796e-18	22.751	0.000419824	102	57120
525	525	163.875	390.664	0	1.75876	22.788	1.97007e-22	0.000524574	8.54957e-18	22.7874	0.000419824	102	57090
526	1196	469.657	111.273	0	1.75744	22.737	1.88913e-22	0.000519819	8.25479e-18	22.7364	0.000419824	102	57132
527	527	488.423	393.221	0	1.75632	22.6933	1.8224e-22	0.000515777	8.01022e-18	22.6928	0.000419824	102	57168
528	1238	334.782	5.44935	0	1.75819	22.7661	1.93496e-22	0.00052253	8.42197e-18	22.7656	0.000419824	102	57108
529	1199	303.96	590.837	0	1.76195	22.9123	2.18137e-22	0.000536303	9.31004e-18	22.9118	0.000419824	102	56988
530	530	107.849	187.345	0	1.76458	23.0152	2.3723e-22	0.00054616	9.98685e-18	23.0146	0.000419824	102	56904
531	531	490.954	395.257	0	1.7627	22.9416	2.2343e-22	0.000539101	9.49859e-18	22.9411	0.000419824	102	56964
532	1168	337.143	11.233	0	1.75482	22.6353	1.73709e-22	0.000510437	7.69536e-18	22.6348	0.000419824	102	57216
533	533	55.5541	416.734	0	1.76176	22.905	2.16834e-22	0.000535606	9.26349e-18	22.9044	0.000419824	102	56994
534	534	80.3615	204.953	0	1.75482	22.6353	1.73709e-22	0.000510437	7.69536e-18	22.6348	0.000419824	102	57216
535	535	502.365	423.588	0	1.75445	22.6208	1.71639e-22	0.000509111	7.6186e-18	22.6203	0.000419824	102	57228
536	536	543.779	181.988	0	1.75969	22.8245	2.03e-22	0.000527997	8.76655e-18	22.8239	0.000419824	102	57060
537	537	58.7875	417.08	0	1.76026	22.8464	2.06683e-22	0.000530061	8.89937e-18	22.8458	0.000419824	102	57042
538	538	83.216	203.566	0	1.75501	22.6425	1.74753e-22	0.000511102	7.73403e-18	22.642	0.000419824	102	57210
539	980	468.424	120.926	0	1.75726	22.7297	1.87784e-22	0.000519143	8.21351e-18	22.7292	0.000419824	102	57138
540	540	544.06	178.753	0	1.75838	22.7734	1.94659e-22	0.000523211	8.46429e-18	22.7728	0.000419824	102	57102
541	541	62.0207	417.432	0	1.76214	22.9196	2.19449e-22	0.000537002	9.35683e-18	22.9191	0.000419824	102	56982
542	953	188.973	501.963	0	1.75632	22.6933	1.8224e-22	0.000515777	8.01022e-18	22.6928	0.000419824	102	57168
543	1299	177.318	-0.319193	0	6.67717	1247	202.5	67.5	732.75	244.25	0	14	0
544	544	547.002	177.378	0	1.76007	22.8391	2.05448e-22	0.000529372	8.85488e-18	22.8385	0.000419824	102	57048
545	1139	169.977	517.549	0	1.75726	22.7297	1.87784e-22	0.000519143	8.21351e-18	22.7292	0.000419824	102	57138
546	546	39.5418	216.072	0	1.76289	22.949	2.24773e-22	0.000539803	9.54632e-18	22.9484	0.000419824	102	56958
547	547	510.005	419.42	0	1.75482	22.6353	1.73709e-22	0.000510437	7.69536e-18	22.6348	0.000419824	102	57216
548	548	549.379	182.473	0	1.75688	22.7151	1.85546e-22	0.000517794	8.13158e-18	22.7146	0.000419824	102	57150
549	549	35.6929	377.822	0	1.76477	23.0226	2.38656e-22	0.000546871	1.0037e-17	23.022	0.000419824	102	56898
550	550	44.4412	203.297	0	1.75594	22.6788	1.80069e-22	0.000514437	7.93032e-18	22.6783	0.000419824	102	57180
551	1077	416.336	535.665	0	1.75501	22.6425	1.74753e-22	0.000511102	7.73403e-18	22.642	0.000419824	102	57210
552	552	552.037	184.333	0	1.75688	22.7151	1.85546e-22	0.000517794	8.13158e-18	22.7146	0.000419824	102	57150
553	553	34.4263	374.977	0	1.76364	22.9784	2.30227e-22	0.000542619	9.73966e-18	22.9778	0.000419824	102	56934
554	554	42.2031	200.947	0	1.75894	22.7952	1.98191e-22	0.000525256	8.59253e-18	22.7947	0.000419824	102	57084
555	555	296.923	427.457	0	1.76138	22.8903	2.1425e-22	0.000534215	9.17109e-18	22.8898	0.000419824	102	57006
556	1278	361.633	-0.00340661	0	10.5669	4942.32	902.083	124.864	3436.16	479.209	0.000419824	101	366
557	557	299.631	429.327	0	1.76045	22.8537	2.07925e-22	0.000530751	8.94409e-18	22.8532	0.000419824	102	57036
558	558	334.373	122.698	0	1.7612	22.883	2.1297e-22	0.00053352	9.12523e-18	22.8824	0.000419824	102	57012
559	559	296.604	430.654	0	1.76327	22.9637	2.27484e-22	0.000541209	9.64251e-18	22.9631	0.000419824	102	56946
560	938	479.162	125.56	0	1.75519	22.6498	1.75803e-22	0.000511767	7.7729e-18	22.6493	0.000419824	102	57204
561	561	354.942	396.815	0	1.76176	22.905	2.16834e-22	0.000535606	9.26349e-18	22.9044	0.000419824	102	56994
562	562	389.461	179.753	0	1.76214	22.9196	2.19449e-22	0.000537002	9.35683e-18	22.9191	0.000419824	102	56982
563	563	296.191	433.884	0	1.76439	23.0078	2.35813e-22	0.00054545	9.93691e-18	23.0073	0.000419824	102	56910
564	564	269.559	162.487	0	1.75445	22.6208	1.71639e-22	0.000509111	7.6186e-18	22.6203	0.000419824	102	57228
565	565	359.505	400.11	0	1.75969	22.8245	2.03e-22	0.000527997	8.76655e-18	22.8239	0.000419824	102	57060
566	566	392.13	181.604	0	1.75688	22.7151	1.85546e-22	0.000517794	8.13158e-18	22.7146	0.000419824	102	57150
567	567	293.604	431.913	0	1.75801	22.7588	1.9234e-22	0.000521851	8.37986e-18	22.7583	0.000419824	102	57114
568	568	247.861	156.803	0	1.75501	22.6425	1.74753e-22	0.000511102	7.73403e-18	22.642	0.000419824	102	57210
569	569	356.278	399.773	0	1.75445	22.6208	1.71639e-22	0.000509111	7.6186e-18	22.6203	0.000419824	102	57228
570	906	369.343	94.3956	0	1.75538	22.657	1.7686e-22	0.000512433	7.81196e-18	22.6565	0.000419824	102	57198
571	571	195.262	406.447	0	1.75651	22.7006	1.83336e-22	0.000516449	8.05047e-18	22.7001	0.000419824	102	57162
572	1277	356.889	600	0	9.72288	3850.12	686.467	129.327	2550.95	483.368	0.000419824	101	204
573	573	411.77	462.369	0	1.76383	22.9857	2.31611e-22	0.000543325	9.7886e-18	22.9852	0.000419824	102	56928
574	574	416.157	178.567	0	1.76176	22.905	2.16834e-22	0.000535606	9.26349e-18	22.9044	0.000419824	102	56994
575	575	193.762	403.552	0	1.75482	22.6353	1.73709e-22	0.000510437	7.69536e-18	22.6348	0.000419824	102	57216
576	576	204.703	150.448	0	1.7627	22.9416	2.2343e-22	0.000539101	9.49859e-18	22.9411	0.000419824	102	56964
577	1053	137.937	493.363	0	1.75876	22.788	1.97007e-22	0.000524574	8.54957e-18	22.7874	0.000419824	102	57090
578	578	415.267	181.703	0	1.76138	22.8903	2.1425e-22	0.000534215	9.17109e-18	22.8898	0.000419824	102	57006
579	579	192.283	400.655	0	1.76232	22.927	2.20768e-22	0.000537701	9.40384e-18	22.9264	0.000419824	102	56976
580	580	137.225	174.835	0	1.76214	22.9196	2.19449e-22	0.000537002	9.35683e-18	22.9191	0.000419824	102	56982
581	581	424.117	448.277	0	1.75463	22.6281	1.72671e-22	0.000509774	7.65689e-18	22.6275	0.000419824	102	57222
582	1036	449.09	87.2218	0	1.7627	22.9416	2.2343e-22	0.000539101	9.49859e-18	22.9411	0.000419824	102	56964
583	583	190.809	397.758	0	1.76026	22.8464	2.06683e-22	0.000530061	8.89937e-18	22.8458	0.000419824	102	57042
584	584	133.978	175.066	0	1.76308	22.9563	2.26124e-22	0.000540506	9.5943e-18	22.9558	0.000419824	102	56952
585	585	477.847	434.493	0	1.75838	22.7734	1.94659e-22	0.000523211	8.46429e-18	22.7728	0.000419824	102	57102
586	1119	301.209	589.317	0	1.76251	22.9343	2.22095e-22	0.0005384	9.4511e-18	22.9338	0.000419824	102	56970
587	931	142.383	488.507	0	1.76345	22.971	2.28851e-22	0.000541914	9.69096e-18	22.9705	0.000419824	102	56940
588	1088	180.33	58.3737	0	1.75988	22.8318	2.0422e-22	0.000528684	8.8106e-18	22.8312	0.000419824	102	57054
589	589	474.869	433.201	0	1.75932	22.8098	2.00581e-22	0.000526625	8.6791e-18	22.8093	0.000419824	102	57072
590	590	474.222	146.216	0	1.76552	23.0521	2.44447e-22	0.000549724	1.02403e-17	23.0515	0.000419824	102	56874
591	591	159.44	398.28	0	1.76007	22.8391	2.05448e-22	0.000529372	8.85488e-18	22.8385	0.000419824	102	57048
592	592	124.234	175.694	0	1.75651	22.7006	1.83336e-22	0.000516449	8.05047e-18	22.7001	0.000419824	102	57162
593	978	177.719	70.0531	0	1.75857	22.7807	1.9583e-22	0.000523892	8.50682e-18	22.7801	0.000419824	102	57096
594	594	474.675	142.991	0	1.76063	22.861	2.09175e-22	0.000531442	8.98904e-18	22.8605	0.000419824	102	57030
595	595	161.253	395.587	0	1.75688	22.7151	1.85546e-22	0.000517794	8.13158e-18	22.7146	0.000419824	102	57150
596	596	120.993	175.894	0	1.75538	22.657	1.7686e-22	0.000512433	7.81196e-18	22.6565	0.000419824	102	57198
597	1935	269.429	253.132	0	8.41235	2493.68	404.976	134.998	1465.26	488.447	0	14	1848
598	598	475.129	139.771	0	1.75763	22.7442	1.90048e-22	0.000520495	8.29627e-18	22.7437	0.000419824	102	57126
599	599	69.7757	421.158	0	1.75538	22.657	1.7686e-22	0.000512433	7.81196e-18	22.6565	0.000419824	102	57198
600	2112	148.515	530.139	0	8.41271	2494	405	135	1465.5	488.5	0	14	8232
601	601	498.056	427.256	0	1.76232	22.927	2.20768e-22	0.000537701	9.40384e-18	22.9264	0.000419824	102	56976
602	602	478.14	138.56	0	1.75726	22.7297	1.87784e-22	0.000519143	8.21351e-18	22.7292	0.000419824	102	57138
603	603	65.9145	426.381	0	1.76383	22.9857	2.31611e-22	0.000543325	9.7886e-18	22.9852	0.000419824	102	56928
604	2113	162.187	522.88	0	8.41271	2494	405	135	1465.5	488.5	0	14	8124
605	605	501.264	426.64	0	1.75913	22.8025	1.99382e-22	0.00052594	8.63571e-18	22.802	0.000419824	102	57078
606	606	480.695	140.561	0	1.75744	22.737	1.88913e-22	0.000519819	8.25479e-18	22.7364	0.000419824	102	57132
607	2014	19.4061	241.45	0	8.41271	2494	405	135	1465.5	488.5	0	14	19416
608	608	82.9271	206.835	0	1.76458	23.0152	2.3723e-22	0.00054616	9.98685e-18	23.0146	0.000419824	102	56904
609	609	504.475	426.05	0	1.76045	22.8537	2.07925e-22	0.000530751	8.94409e-18	22.8532	0.000419824	102	57036
610	1101	452.203	533.693	0	1.75445	22.6208	1.71639e-22	0.000509111	7.6186e-18	22.6203	0.000419824	102	57228
611	611	63.3281	420.413	0	1.7627	22.9416	2.2343e-22	0.000539101	9.49859e-18	22.9411	0.000419824	102	56964
612	612	85.0213	200.865	0	1.76402	22.9931	2.33003e-22	0.000544033	9.83779e-18	22.9926	0.000419824	102	56922
613	1144	178.632	61.1677	0	1.76138	22.8903	2.1425e-22	0.000534215	9.17109e-18	22.8898	0.000419824	102	57006
614	614	544.339	175.519	0	1.75707	22.7224	1.86662e-22	0.000518468	8.17244e-18	22.7219	0.000419824	102	57144
615	615	64.623	423.396	0	1.75801	22.7588	1.9234e-22	0.000521851	8.37986e-18	22.7583	0.000419824	102	57114
616	616	42.3496	214.436	0	1.75744	22.737	1.88913e-22	0.000519819	8.25479e-18	22.7364	0.000419824	102	57132
617	617	508.847	422.456	0	1.76345	22.971	2.28851e-22	0.000541914	9.69096e-18	22.9705	0.000419824	102	56940
618	618	549.66	179.242	0	1.75707	22.7224	1.86662e-22	0.000518468	8.17244e-18	22.7219	0.000419824	102	57144
619	619	56.8734	419.703	0	1.75801	22.7588	1.9234e-22	0.000521851	8.37986e-18	22.7583	0.000419824	102	57114
620	934	476.579	123.604	0	1.75594	22.6788	1.80069e-22	0.000514437	7.93032e-18	22.6783	0.000419824	102	57180
621	621	512.065	421.931	0	1.76477	23.0226	2.38656e-22	0.000546871	1.0037e-17	23.022	0.000419824	102	56898
622	622	552.317	181.102	0	1.75576	22.6716	1.78993e-22	0.000513768	7.89067e-18	22.671	0.000419824	102	57186
623	1180	375.459	58.046	0	1.76364	22.9784	2.30227e-22	0.000542619	9.73966e-18	22.9778	0.000419824	102	56934
624	624	45.359	200.185	0	1.75782	22.7515	1.91191e-22	0.000521173	8.33796e-18	22.751	0.000419824	102	57120
625	2096	228.622	279.985	0	1.84616	26.3572	4.26303e-05	23.5598	5.42724e-06	2.79735	0	100	300
626	626	338.266	118.639	0	1.75632	22.6933	1.8224e-22	0.000515777	8.01022e-18	22.6928	0.000419824	102	57168
627	1110	335.15	16.5155	0	1.75594	22.6788	1.80069e-22	0.000514437	7.93032e-18	22.6783	0.000419824	102	57180
628	1049	141.077	494.18	0	1.75651	22.7006	1.83336e-22	0.000516449	8.05047e-18	22.7001	0.000419824	102	57162
629	629	300.122	422.935	0	1.7612	22.883	2.1297e-22	0.00053352	9.12523e-18	22.8824	0.000419824	102	57012
630	1257	409.345	540.86	0	1.75988	22.8318	2.0422e-22	0.000528684	8.8106e-18	22.8312	0.000419824	102	57054
631	631	293.186	435.136	0	1.76176	22.905	2.16834e-22	0.000535606	9.26349e-18	22.9044	0.000419824	102	56994
632	632	271.155	159.667	0	1.75613	22.6861	1.81151e-22	0.000515107	7.97017e-18	22.6856	0.000419824	102	57174
633	1182	193.114	45.2596	0	1.7627	22.9416	2.2343e-22	0.000539101	9.49859e-18	22.9411	0.000419824	102	56964
634	634	392.404	178.368	0	1.7612	22.883	2.1297e-22	0.00053352	9.12523e-18	22.8824	0.000419824	102	57012
635	635	290.602	433.161	0	1.76214	22.9196	2.19449e-22	0.000537002	9.35683e-18	22.9191	0.000419824	102	56982
636	636	244.657	157.331	0	1.76214	22.9196	2.19449e-22	0.000537002	9.35683e-18	22.9191	0.000419824	102	56982
637	973	173.237	505.842	0	1.75801	22.7588	1.9234e-22	0.000521851	8.37986e-18	22.7583	0.000419824	102	57114
638	638	395.067	180.226	0	1.75688	22.7151	1.85546e-22	0.000517794	8.13158e-18	22.7146	0.000419824	102	57150
639	1078	373.052	66.2914	0	1.75557	22.6643	1.77923e-22	0.0005131	7.85121e-18	22.6638	0.000419824	102	57192
640	1005	324.84	543.818	0	1.76176	22.905	2.16834e-22	0.000535606	9.26349e-18	22.9044	0.000419824	102	56994
641	1062	338.695	20.8777	0	1.76007	22.8391	2.05448e-22	0.000529372	8.85488e-18	22.8385	0.000419824	102	57048
642	1084	186.804	57.1999	0	1.75894	22.7952	1.98191e-22	0.000525256	8.59253e-18	22.7947	0.000419824	102	57084
643	905	420.859	485.498	0	1.75894	22.7952	1.98191e-22	0.000525256	8.59253e-18	22.7947	0.000419824	102	57084
644	644	207.873	149.72	0	1.75969	22.8245	2.03e-22	0.000527997	8.76655e-18	22.8239	0.000419824	102	57060
645	1186	184.751	54.7226	0	1.75519	22.6498	1.75803e-22	0.000511767	7.7729e-18	22.6493	0.000419824	102	57204
646	646	415.237	173.018	0	1.75576	22.6716	1.78993e-22	0.000513768	7.89067e-18	22.671	0.000419824	102	57186
647	647	192.04	406.286	0	1.75782	22.7515	1.91191e-22	0.000521173	8.33796e-18	22.751	0.000419824	102	57120
648	648	205.662	147.342	0	1.75857	22.7807	1.9583e-22	0.000523892	8.50682e-18	22.7801	0.000419824	102	57096
649	1038	174.018	64.5326	0	1.76026	22.8464	2.06683e-22	0.000530061	8.89937e-18	22.8458	0.000419824	102	57042
650	650	417.297	175.52	0	1.75463	22.6281	1.72671e-22	0.000509774	7.65689e-18	22.6275	0.000419824	102	57222
651	651	190.509	403.372	0	1.75613	22.6861	1.81151e-22	0.000515107	7.97017e-18	22.6856	0.000419824	102	57174
652	1126	372.733	59.8163	0	1.75838	22.7734	1.94659e-22	0.000523211	8.46429e-18	22.7728	0.000419824	102	57102
653	653	475.608	439.651	0	1.75763	22.7442	1.90048e-22	0.000520495	8.29627e-18	22.7437	0.000419824	102	57126
654	654	418.433	172.478	0	1.75632	22.6933	1.8224e-22	0.000515777	8.01022e-18	22.6928	0.000419824	102	57168
655	1011	325.69	546.952	0	1.75557	22.6643	1.77923e-22	0.0005131	7.85121e-18	22.6638	0.000419824	102	57192
656	656	135.404	172.146	0	1.75688	22.7151	1.85546e-22	0.000517794	8.13158e-18	22.7146	0.000419824	102	57150
657	657	474.501	429.973	0	1.75951	22.8171	2.01787e-22	0.00052731	8.72272e-18	22.8166	0.000419824	102	57066
658	658	471.203	147.421	0	1.75576	22.6716	1.78993e-22	0.000513768	7.89067e-18	22.671	0.000419824	102	57186
659	961	187.064	508.169	0	1.76138	22.8903	2.1425e-22	0.000534215	9.17109e-18	22.8898	0.000419824	102	57006
660	660	125.682	172.789	0	1.75969	22.8245	2.03e-22	0.000527997	8.76655e-18	22.8239	0.000419824	102	57060
661	1202	333.14	21.7741	0	1.76308	22.9563	2.26124e-22	0.000540506	9.5943e-18	22.9558	0.000419824	102	56952
662	662	471.662	144.209	0	1.75894	22.7952	1.98191e-22	0.000525256	8.59253e-18	22.7947	0.000419824	102	57084
663	1258	378.356	59.5297	0	1.76327	22.9637	2.27484e-22	0.000541209	9.64251e-18	22.9631	0.000419824	102	56946
664	982	170.77	64.337	0	1.76477	23.0226	2.38656e-22	0.000546871	1.0037e-17	23.022	0.000419824	102	56898
665	665	477.115	428.035	0	1.76534	23.0447	2.42986e-22	0.000549009	1.01891e-17	23.0441	0.000419824	102	56880
666	666	472.112	140.986	0	1.76477	23.0226	2.38656e-22	0.000546871	1.0037e-17	23.022	0.000419824	102	56898
667	667	71.0794	424.132	0	1.76176	22.905	2.16834e-22	0.000535606	9.26349e-18	22.9044	0.000419824	102	56994
668	668	119.202	173.191	0	1.75651	22.7006	1.83336e-22	0.000516449	8.05047e-18	22.7001	0.000419824	102	57162
669	669	496.972	430.344	0	1.75988	22.8318	2.0422e-22	0.000528684	8.8106e-18	22.8312	0.000419824	102	57054
670	670	475.586	136.549	0	1.76232	22.927	2.20768e-22	0.000537701	9.40384e-18	22.9264	0.000419824	102	56976
671	671	67.8493	423.768	0	1.75932	22.8098	2.00581e-22	0.000526625	8.6791e-18	22.8093	0.000419824	102	57072
672	672	109.467	173.713	0	1.75913	22.8025	1.99382e-22	0.00052594	8.63571e-18	22.802	0.000419824	102	57078
673	673	500.173	429.709	0	1.76496	23.0299	2.40091e-22	0.000547583	1.00875e-17	23.0294	0.000419824	102	56892
674	937	494.068	439.787	0	1.75613	22.6861	1.81151e-22	0.000515107	7.97017e-18	22.6856	0.000419824	102	57174
675	675	69.1476	426.747	0	1.75969	22.8245	2.03e-22	0.000527997	8.76655e-18	22.8239	0.000419824	102	57060
676	676	111.801	182.189	0	1.75782	22.7515	1.91191e-22	0.000521173	8.33796e-18	22.751	0.000419824	102	57120
677	677	503.375	429.105	0	1.75726	22.7297	1.87784e-22	0.000519143	8.21351e-18	22.7292	0.000419824	102	57138
678	992	476.985	120.386	0	1.75594	22.6788	1.80069e-22	0.000514437	7.93032e-18	22.6783	0.000419824	102	57180
679	2081	420.183	465.473	0	8.41271	2494	405	135	1465.5	488.5	0	14	10632
680	680	108.353	170.693	0	1.75576	22.6716	1.78993e-22	0.000513768	7.89067e-18	22.671	0.000419824	102	57186
681	681	506.563	428.533	0	1.75669	22.7079	1.84438e-22	0.000517121	8.09092e-18	22.7073	0.000419824	102	57156
682	682	541.401	176.893	0	1.75632	22.6933	1.8224e-22	0.000515777	8.01022e-18	22.6928	0.000419824	102	57168
683	683	66.5549	420.792	0	1.75501	22.6425	1.74753e-22	0.000511102	7.73403e-18	22.642	0.000419824	102	57210
684	684	106.283	173.214	0	1.75857	22.7807	1.9583e-22	0.000523892	8.50682e-18	22.7801	0.000419824	102	57096
685	685	507.691	425.497	0	1.75707	22.7224	1.86662e-22	0.000518468	8.17244e-18	22.7219	0.000419824	102	57144
686	2122	63.2744	222.2	0	8.41271	2494	405	135	1465.5	488.5	0	14	6462
687	1021	186.105	511.276	0	1.75876	22.788	1.97007e-22	0.000524574	8.54957e-18	22.7874	0.000419824	102	57090
688	947	323.649	525.686	0	1.75763	22.7442	1.90048e-22	0.000520495	8.29627e-18	22.7437	0.000419824	102	57126
689	689	510.906	424.975	0	1.76534	23.0447	2.42986e-22	0.000549009	1.01891e-17	23.0441	0.000419824	102	56880
690	690	552.6	177.874	0	1.75463	22.6281	1.72671e-22	0.000509774	7.65689e-18	22.6275	0.000419824	102	57222
691	691	60.0991	420.049	0	1.75557	22.6643	1.77923e-22	0.0005131	7.85121e-18	22.6638	0.000419824	102	57192
692	692	63.6368	181.783	0	1.75557	22.6643	1.77923e-22	0.0005131	7.85121e-18	22.6638	0.000419824	102	57192
693	693	302.409	431.046	0	1.75707	22.7224	1.86662e-22	0.000518468	8.17244e-18	22.7219	0.000419824	102	57144
694	694	335.152	119.545	0	1.75632	22.6933	1.8224e-22	0.000515777	8.01022e-18	22.6928	0.000419824	102	57168
695	695	302.598	427.825	0	1.75763	22.7442	1.90048e-22	0.000520495	8.29627e-18	22.7437	0.000419824	102	57126
696	1138	446.495	85.2686	0	1.75576	22.6716	1.78993e-22	0.000513768	7.89067e-18	22.671	0.000419824	102	57186
697	2139	136.451	277.716	0	8.41271	2494	405	135	1465.5	488.5	0	14	2904
698	2128	250.673	278.055	0	8.41271	2494	405	135	1465.5	488.5	0	14	5376
699	699	302.791	424.571	0	1.75988	22.8318	2.0422e-22	0.000528684	8.8106e-18	22.8312	0.000419824	102	57054
700	700	341.39	117.739	0	1.76477	23.0226	2.38656e-22	0.000546871	1.0037e-17	23.022	0.000419824	102	56898
701	701	290.187	436.384	0	1.75688	22.7151	1.85546e-22	0.000517794	8.13158e-18	22.7146	0.000419824	102	57150
702	1018	221.338	135.14	0	1.76063	22.861	2.09175e-22	0.000531442	8.98904e-18	22.8605	0.000419824	102	57030
703	703	302.824	421.235	0	1.75782	22.7515	1.91191e-22	0.000521173	8.33796e-18	22.751	0.000419824	102	57120
704	930	473.996	121.638	0	1.75594	22.6788	1.80069e-22	0.000514437	7.93032e-18	22.6783	0.000419824	102	57180
705	705	287.599	434.42	0	1.76251	22.9343	2.22095e-22	0.0005384	9.4511e-18	22.9338	0.000419824	102	56970
706	1229	167.689	515.248	0	1.76534	23.0447	2.42986e-22	0.000549009	1.01891e-17	23.0441	0.000419824	102	56880
707	1198	171.928	55.9694	0	1.76026	22.8464	2.06683e-22	0.000530061	8.89937e-18	22.8458	0.000419824	102	57042
708	708	395.349	176.992	0	1.76045	22.8537	2.07925e-22	0.000530751	8.94409e-18	22.8532	0.000419824	102	57036
709	709	193.489	409.181	0	1.75707	22.7224	1.86662e-22	0.000518468	8.17244e-18	22.7219	0.000419824	102	57144
710	710	218.281	144.398	0	1.75669	22.7079	1.84438e-22	0.000517121	8.09092e-18	22.7073	0.000419824	102	57156
711	711	412.79	459.324	0	1.76176	22.905	2.16834e-22	0.000535606	9.26349e-18	22.9044	0.000419824	102	56994
712	1183	421.754	537.405	0	1.75782	22.7515	1.91191e-22	0.000521173	8.33796e-18	22.751	0.000419824	102	57120
713	1143	171.84	535.277	0	1.75463	22.6281	1.72671e-22	0.000509774	7.65689e-18	22.6275	0.000419824	102	57222
714	714	211.988	145.885	0	1.75557	22.6643	1.77923e-22	0.0005131	7.85121e-18	22.6638	0.000419824	102	57192
715	715	408.337	467.57	0	1.75744	22.737	1.88913e-22	0.000519819	8.25479e-18	22.7364	0.000419824	102	57132
716	716	416.365	169.97	0	1.76421	23.0005	2.34404e-22	0.000544741	9.88723e-18	22.9999	0.000419824	102	56916
717	717	188.888	406.098	0	1.75913	22.8025	1.99382e-22	0.00052594	8.63571e-18	22.802	0.000419824	102	57078
718	718	208.828	146.615	0	1.75876	22.788	1.97007e-22	0.000524574	8.54957e-18	22.7874	0.000419824	102	57090
719	1010	300.145	64.9862	0	1.75445	22.6208	1.71639e-22	0.000509111	7.6186e-18	22.6203	0.000419824	102	57228
720	720	420.493	174.979	0	1.75482	22.6353	1.73709e-22	0.000510437	7.69536e-18	22.6348	0.000419824	102	57216
721	1166	270.109	23.5524	0	1.76421	23.0005	2.34404e-22	0.000544741	9.88723e-18	22.9999	0.000419824	102	56916
722	2146	185.931	66.4759	0	8.41055	2492.08	404.834	134.981	1464.08	488.184	0	14	1458
723	723	473.364	444.81	0	1.76327	22.9637	2.27484e-22	0.000541209	9.64251e-18	22.9631	0.000419824	102	56946
724	1270	325.408	-0.000208597	0	10.1795	4418.37	799.776	126.993	3010.39	481.207	0.000419824	101	288
725	725	187.228	403.343	0	1.75482	22.6353	1.73709e-22	0.000510437	7.69536e-18	22.6348	0.000419824	102	57216
726	2134	206.504	293.821	0	1.84616	26.3572	4.26303e-05	23.5598	5.42724e-06	2.79735	0	100	300
727	727	477.478	431.267	0	1.75801	22.7588	1.9234e-22	0.000521851	8.37986e-18	22.7583	0.000419824	102	57114
728	1136	181.556	55.2895	0	1.75857	22.7807	1.9583e-22	0.000523892	8.50682e-18	22.7801	0.000419824	102	57096
729	2101	29.0099	394.857	0	8.41187	2493.25	404.94	134.994	1464.94	488.375	0	14	1662
730	730	115.962	173.381	0	1.75763	22.7442	1.90048e-22	0.000520495	8.29627e-18	22.7437	0.000419824	102	57126
731	2127	255.954	226.293	0	8.41271	2494	405	135	1465.5	488.5	0	14	4854
732	2105	196.886	77.0768	0	8.41055	2492.08	404.834	134.981	1464.08	488.184	0	14	1458
733	733	147.082	481.104	0	1.75557	22.6643	1.77923e-22	0.0005131	7.85121e-18	22.6638	0.000419824	102	57192
734	734	117.747	176.095	0	1.7612	22.883	2.1297e-22	0.00053352	9.12523e-18	22.8824	0.000419824	102	57012
735	735	494.862	427.863	0	1.76289	22.949	2.24773e-22	0.000539803	9.54632e-18	22.9484	0.000419824	102	56958
736	1975	224.705	271.316	0	8.41271	2494	405	135	1465.5	488.5	0	14	18540
737	737	144.038	479.905	0	1.76026	22.8464	2.06683e-22	0.000530061	8.89937e-18	22.8458	0.000419824	102	57042
738	738	111.236	176.443	0	1.76176	22.905	2.16834e-22	0.000535606	9.26349e-18	22.9044	0.000419824	102	56994
739	739	499.109	432.78	0	1.75482	22.6353	1.73709e-22	0.000510437	7.69536e-18	22.6348	0.000419824	102	57216
740	1065	328.83	547.791	0	1.76534	23.0447	2.42986e-22	0.000549009	1.01891e-17	23.0441	0.000419824	102	56880
741	1068	303.126	66.2548	0	1.75538	22.657	1.7686e-22	0.000512433	7.81196e-18	22.6565	0.000419824	102	57198
742	1092	178.408	55.6894	0	1.75445	22.6208	1.71639e-22	0.000509111	7.6186e-18	22.6203	0.000419824	102	57228
743	743	502.297	432.157	0	1.76195	22.9123	2.18137e-22	0.000536303	9.31004e-18	22.9118	0.000419824	102	56988
744	744	478.609	135.342	0	1.76439	23.0078	2.35813e-22	0.00054545	9.93691e-18	23.0073	0.000419824	102	56910
745	745	67.2183	429.361	0	1.76007	22.8391	2.05448e-22	0.000529372	8.85488e-18	22.8385	0.000419824	102	57048
746	1255	225.696	590.885	0	1.75988	22.8318	2.0422e-22	0.000528684	8.8106e-18	22.8312	0.000419824	102	57054
747	747	505.485	431.584	0	1.75838	22.7734	1.94659e-22	0.000523211	8.46429e-18	22.7728	0.000419824	102	57102
748	748	541.675	173.655	0	1.76364	22.9784	2.30227e-22	0.000542619	9.73966e-18	22.9778	0.000419824	102	56934
749	749	68.518	432.334	0	1.75576	22.6716	1.78993e-22	0.000513768	7.89067e-18	22.671	0.000419824	102	57186
750	1265	309.903	600.002	0	10.451	4781.48	870.899	125.515	3305.24	479.823	0.000419824	101	342
751	751	509.758	428.01	0	1.75763	22.7442	1.90048e-22	0.000520495	8.29627e-18	22.7437	0.000419824	102	57126
752	2148	210.478	70.3041	0	8.40788	2489.7	404.616	134.953	1462.34	487.798	0	14	1362
753	753	65.2935	431.978	0	1.75857	22.7807	1.9583e-22	0.000523892	8.50682e-18	22.7801	0.000419824	102	57096
754	754	93.6566	159.686	0	1.76402	22.9931	2.33003e-22	0.000544033	9.83779e-18	22.9926	0.000419824	102	56922
755	1191	427.34	538.668	0	1.75744	22.737	1.88913e-22	0.000519819	8.25479e-18	22.7364	0.000419824	102	57132
756	756	537.661	168.543	0	1.76026	22.8464	2.06683e-22	0.000530061	8.89937e-18	22.8458	0.000419824	102	57042
757	757	49.4623	433.019	0	1.76515	23.0373	2.41534e-22	0.000548296	1.01382e-17	23.0367	0.000419824	102	56886
758	1518	209.116	273.148	0	8.41271	2494	405	135	1465.5	488.5	0	14	3894
759	759	305.318	429.562	0	1.75894	22.7952	1.98191e-22	0.000525256	8.59253e-18	22.7947	0.000419824	102	57084
760	956	349.179	91.9819	0	1.75726	22.7297	1.87784e-22	0.000519143	8.21351e-18	22.7292	0.000419824	102	57138
761	761	305.137	432.803	0	1.75688	22.7151	1.85546e-22	0.000517794	8.13158e-18	22.7146	0.000419824	102	57150
762	762	335.925	116.395	0	1.75632	22.6933	1.8224e-22	0.000515777	8.01022e-18	22.6928	0.000419824	102	57168
763	763	305.5	426.304	0	1.75557	22.6643	1.77923e-22	0.0005131	7.85121e-18	22.6638	0.000419824	102	57192
764	764	339.041	115.487	0	1.75951	22.8171	2.01787e-22	0.00052731	8.72272e-18	22.8166	0.000419824	102	57066
765	765	287.194	437.649	0	1.76214	22.9196	2.19449e-22	0.000537002	9.35683e-18	22.9191	0.000419824	102	56982
766	2135	174.48	281.633	0	1.69814	20.5121	5.21684e-06	19.0255	4.37078e-07	1.48663	0	100	336
767	767	305.59	422.997	0	1.76571	23.0594	2.45916e-22	0.000550439	1.02918e-17	23.0589	0.000419824	102	56868
768	1100	173.707	58.6878	0	1.76157	22.8976	2.15538e-22	0.00053491	9.21717e-18	22.8971	0.000419824	102	57000
769	769	284.606	435.685	0	1.75688	22.7151	1.85546e-22	0.000517794	8.13158e-18	22.7146	0.000419824	102	57150
770	1080	194.869	68.277	0	1.75482	22.6353	1.73709e-22	0.000510437	7.69536e-18	22.6348	0.000419824	102	57216
771	2091	191.176	292.611	0	8.41271	2494	405	135	1465.5	488.5	0	14	12024
772	772	353.076	96.0384	0	1.75651	22.7006	1.83336e-22	0.000516449	8.05047e-18	22.7001	0.000419824	102	57162
773	773	267.213	422.071	0	1.75651	22.7006	1.83336e-22	0.000516449	8.05047e-18	22.7001	0.000419824	102	57162
774	774	219.288	141.306	0	1.76439	23.0078	2.35813e-22	0.00054545	9.93691e-18	23.0073	0.000419824	102	56910
775	1072	305.325	61.0831	0	1.75632	22.6933	1.8224e-22	0.000515777	8.01022e-18	22.6928	0.000419824	102	57168
776	1240	279.074	6.14541	0	1.7612	22.883	2.1297e-22	0.00053352	9.12523e-18	22.8824	0.000419824	102	57012
777	777	180.331	501.088	0	1.76214	22.9196	2.19449e-22	0.000537002	9.35683e-18	22.9191	0.000419824	102	56982
778	778	212.95	142.784	0	1.7627	22.9416	2.2343e-22	0.000539101	9.49859e-18	22.9411	0.000419824	102	56964
779	779	411.374	468.589	0	1.75857	22.7807	1.9583e-22	0.000523892	8.50682e-18	22.7801	0.000419824	102	57096
780	780	344.509	116.816	0	1.75876	22.788	1.97007e-22	0.000524574	8.54957e-18	22.7874	0.000419824	102	57090
781	781	177.181	501.932	0	1.76157	22.8976	2.15538e-22	0.00053491	9.21717e-18	22.8971	0.000419824	102	57000
782	782	209.781	143.511	0	1.75482	22.6353	1.73709e-22	0.000510437	7.69536e-18	22.6348	0.000419824	102	57216
783	783	410.747	465.419	0	1.75632	22.6933	1.8224e-22	0.000515777	8.01022e-18	22.6928	0.000419824	102	57168
784	784	419.573	169.436	0	1.75988	22.8318	2.0422e-22	0.000528684	8.8106e-18	22.8312	0.000419824	102	57054
785	785	190.267	409.023	0	1.75969	22.8245	2.03e-22	0.000527997	8.76655e-18	22.8239	0.000419824	102	57060
786	786	206.617	144.238	0	1.75988	22.8318	2.0422e-22	0.000528684	8.8106e-18	22.8312	0.000419824	102	57054
787	787	444.171	465.804	0	1.76327	22.9637	2.27484e-22	0.000541209	9.64251e-18	22.9631	0.000419824	102	56946
788	788	421.634	171.943	0	1.75688	22.7151	1.85546e-22	0.000517794	8.13158e-18	22.7146	0.000419824	102	57150
789	789	148.877	490.424	0	1.75538	22.657	1.7686e-22	0.000512433	7.81196e-18	22.6565	0.000419824	102	57198
790	790	204.4	141.86	0	1.76327	22.9637	2.27484e-22	0.000541209	9.64251e-18	22.9631	0.000419824	102	56946
791	925	448.89	490.717	0	1.76082	22.8683	2.10432e-22	0.000532134	9.03421e-18	22.8678	0.000419824	102	57024
792	792	422.776	168.906	0	1.75557	22.6643	1.77923e-22	0.0005131	7.85121e-18	22.6638	0.000419824	102	57192
793	1901	403.186	459.776	0	8.41271	2494	405	135	1465.5	488.5	0	14	24288
794	2130	243.519	235.583	0	8.41271	2494	405	135	1465.5	488.5	0	14	4854
795	795	478.223	437.721	0	1.76383	22.9857	2.31611e-22	0.000543325	9.7886e-18	22.9852	0.000419824	102	56928
796	1073	329.669	550.937	0	1.76214	22.9196	2.19449e-22	0.000537002	9.35683e-18	22.9191	0.000419824	102	56982
797	1193	168.134	530.109	0	1.76138	22.8903	2.1425e-22	0.000534215	9.17109e-18	22.8898	0.000419824	102	57006
798	1280	241.345	-0.00412904	0	10.3021	4579.96	831.55	126.334	3141.49	480.591	0.000419824	101	312
799	1750	490.52	465.074	0	2.84772	96.7345	0.20738	57.4102	0.150973	38.9659	0	100	150
800	800	467.597	127.352	0	1.75463	22.6281	1.72671e-22	0.000509774	7.65689e-18	22.6275	0.000419824	102	57222
801	801	144.388	483.094	0	1.76082	22.8683	2.10432e-22	0.000532134	9.03421e-18	22.8678	0.000419824	102	57024
802	802	112.997	179.171	0	1.75501	22.6425	1.74753e-22	0.000511102	7.73403e-18	22.642	0.000419824	102	57210
803	803	495.922	433.452	0	1.75969	22.8245	2.03e-22	0.000527997	8.76655e-18	22.8239	0.000419824	102	57060
804	804	470.592	126.108	0	1.75876	22.788	1.97007e-22	0.000524574	8.54957e-18	22.7874	0.000419824	102	57090
805	805	141.411	481.907	0	1.75838	22.7734	1.94659e-22	0.000523211	8.46429e-18	22.7728	0.000419824	102	57102
806	806	112.715	173.548	0	1.76176	22.905	2.16834e-22	0.000535606	9.26349e-18	22.9044	0.000419824	102	56994
807	807	501.269	435.211	0	1.75463	22.6281	1.72671e-22	0.000509774	7.65689e-18	22.6275	0.000419824	102	57222
808	977	170.837	503.831	0	1.76327	22.9637	2.27484e-22	0.000541209	9.64251e-18	22.9631	0.000419824	102	56946
809	809	72.3747	427.113	0	1.75763	22.7442	1.90048e-22	0.000520495	8.29627e-18	22.7437	0.000419824	102	57126
810	810	89.4744	137.126	0	1.75707	22.7224	1.86662e-22	0.000518468	8.17244e-18	22.7219	0.000419824	102	57144
811	811	500.303	438.297	0	1.76327	22.9637	2.27484e-22	0.000541209	9.64251e-18	22.9631	0.000419824	102	56946
812	812	476.052	133.321	0	1.76402	22.9931	2.33003e-22	0.000544033	9.83779e-18	22.9926	0.000419824	102	56922
813	813	73.6778	430.091	0	1.76402	22.9931	2.33003e-22	0.000544033	9.83779e-18	22.9926	0.000419824	102	56922
814	814	85.5202	156.289	0	1.76063	22.861	2.09175e-22	0.000531442	8.98904e-18	22.8605	0.000419824	102	57030
815	1099	143.305	519.445	0	1.7612	22.883	2.1297e-22	0.00053352	9.12523e-18	22.8824	0.000419824	102	57012
816	816	539.631	171.126	0	1.75801	22.7588	1.9234e-22	0.000521851	8.37986e-18	22.7583	0.000419824	102	57114
817	817	70.4464	429.725	0	1.75838	22.7734	1.94659e-22	0.000523211	8.46429e-18	22.7728	0.000419824	102	57102
818	818	88.7405	156.349	0	1.76176	22.905	2.16834e-22	0.000535606	9.26349e-18	22.9044	0.000419824	102	56994
819	1045	142.392	497.323	0	1.75557	22.6643	1.77923e-22	0.0005131	7.85121e-18	22.6638	0.000419824	102	57192
820	1188	388.431	74.1969	0	1.75613	22.6861	1.81151e-22	0.000515107	7.97017e-18	22.6856	0.000419824	102	57174
821	821	71.7417	432.705	0	1.76007	22.8391	2.05448e-22	0.000529372	8.85488e-18	22.8385	0.000419824	102	57048
822	822	90.4718	159.157	0	1.75557	22.6643	1.77923e-22	0.0005131	7.85121e-18	22.6638	0.000419824	102	57192
823	823	323.268	519.2	0	1.76458	23.0152	2.3723e-22	0.00054616	9.98685e-18	23.0146	0.000419824	102	56904
824	824	333.581	114.152	0	1.75801	22.7588	1.9234e-22	0.000521851	8.37986e-18	22.7583	0.000419824	102	57114
825	825	326.17	520.67	0	1.75951	22.8171	2.01787e-22	0.00052731	8.72272e-18	22.8166	0.000419824	102	57066
826	826	336.695	113.246	0	1.75519	22.6498	1.75803e-22	0.000511767	7.7729e-18	22.6493	0.000419824	102	57204
827	2083	167.901	88.4256	0	8.41271	2494	405	135	1465.5	488.5	0	14	8958
828	828	225.662	139.99	0	1.76214	22.9196	2.19449e-22	0.000537002	9.35683e-18	22.9191	0.000419824	102	56982
829	1040	466.242	115.74	0	1.7612	22.883	2.1297e-22	0.00053352	9.12523e-18	22.8824	0.000419824	102	57012
830	830	334.355	111	0	1.75801	22.7588	1.9234e-22	0.000521851	8.37986e-18	22.7583	0.000419824	102	57114
831	2149	161.086	469.706	0	8.27096	2370.05	388.494	132.12	1379.57	469.859	0	14	564
832	832	224.639	143.077	0	1.7612	22.883	2.1297e-22	0.00053352	9.12523e-18	22.8824	0.000419824	102	57012
833	833	323.452	522.446	0	1.75782	22.7515	1.91191e-22	0.000521173	8.33796e-18	22.751	0.000419824	102	57120
834	834	349.952	95.1409	0	1.76364	22.9784	2.30227e-22	0.000542619	9.73966e-18	22.9778	0.000419824	102	56934
835	1169	246.838	590.697	0	1.76552	23.0521	2.44447e-22	0.000549724	1.02403e-17	23.0515	0.000419824	102	56874
836	836	221.456	143.731	0	1.75801	22.7588	1.9234e-22	0.000521851	8.37986e-18	22.7583	0.000419824	102	57114
837	837	365.195	458.135	0	1.75651	22.7006	1.83336e-22	0.000516449	8.05047e-18	22.7001	0.000419824	102	57162
838	838	352.295	92.8892	0	1.75801	22.7588	1.9234e-22	0.000521851	8.37986e-18	22.7583	0.000419824	102	57114
839	839	182.621	503.41	0	1.75669	22.7079	1.84438e-22	0.000517121	8.09092e-18	22.7073	0.000419824	102	57156
840	840	216.106	141.991	0	1.75782	22.7515	1.91191e-22	0.000521173	8.33796e-18	22.751	0.000419824	102	57120
841	1000	482.156	124.311	0	1.75819	22.7661	1.93496e-22	0.00052253	8.42197e-18	22.7656	0.000419824	102	57108
842	960	353.871	87.4937	0	1.76082	22.8683	2.10432e-22	0.000532134	9.03421e-18	22.8678	0.000419824	102	57024
843	843	179.467	504.209	0	1.75445	22.6208	1.71639e-22	0.000509111	7.6186e-18	22.6203	0.000419824	102	57228
844	844	210.731	140.41	0	1.75857	22.7807	1.9583e-22	0.000523892	8.50682e-18	22.7801	0.000419824	102	57096
845	939	78.8288	427.818	0	1.76101	22.8756	2.11697e-22	0.000532827	9.07961e-18	22.8751	0.000419824	102	57018
846	846	342.158	114.581	0	1.75594	22.6788	1.80069e-22	0.000514437	7.93032e-18	22.6783	0.000419824	102	57180
847	847	176.298	504.994	0	1.76364	22.9784	2.30227e-22	0.000542619	9.73966e-18	22.9778	0.000419824	102	56934
848	848	207.569	141.136	0	1.75594	22.6788	1.80069e-22	0.000514437	7.93032e-18	22.6783	0.000419824	102	57180
849	1006	297.222	81.2855	0	1.75801	22.7588	1.9234e-22	0.000521851	8.37986e-18	22.7583	0.000419824	102	57114
850	850	423.931	165.877	0	1.75482	22.6353	1.73709e-22	0.000510437	7.69536e-18	22.6348	0.000419824	102	57216
851	851	173.925	502.601	0	1.75688	22.7151	1.85546e-22	0.000517794	8.13158e-18	22.7146	0.000419824	102	57150
852	852	206.316	135.66	0	1.75519	22.6498	1.75803e-22	0.000511767	7.7729e-18	22.6493	0.000419824	102	57204
853	913	419.34	482.682	0	1.75594	22.6788	1.80069e-22	0.000514437	7.93032e-18	22.6783	0.000419824	102	57180
854	854	425.977	168.388	0	1.75538	22.657	1.7686e-22	0.000512433	7.81196e-18	22.6565	0.000419824	102	57198
855	1140	183.572	57.7132	0	1.76214	22.9196	2.19449e-22	0.000537002	9.35683e-18	22.9191	0.000419824	102	56982
856	988	474.407	118.415	0	1.76195	22.9123	2.18137e-22	0.000536303	9.31004e-18	22.9118	0.000419824	102	56988
857	857	429.242	467.946	0	1.76007	22.8391	2.05448e-22	0.000529372	8.85488e-18	22.8385	0.000419824	102	57048
858	858	427.139	165.352	0	1.76571	23.0594	2.45916e-22	0.000550439	1.02918e-17	23.0589	0.000419824	102	56868
859	859	147.866	487.399	0	1.75894	22.7952	1.98191e-22	0.000525256	8.59253e-18	22.7947	0.000419824	102	57084
860	1042	172.251	61.5911	0	1.76383	22.9857	2.31611e-22	0.000543325	9.7886e-18	22.9852	0.000419824	102	56928
861	1017	190.229	507.447	0	1.75801	22.7588	1.9234e-22	0.000521851	8.37986e-18	22.7583	0.000419824	102	57114
862	862	468.016	124.14	0	1.75445	22.6208	1.71639e-22	0.000509111	7.6186e-18	22.6203	0.000419824	102	57228
863	863	147.291	484.28	0	1.76082	22.8683	2.10432e-22	0.000532134	9.03421e-18	22.8678	0.000419824	102	57024
864	864	114.491	176.282	0	1.76534	23.0447	2.42986e-22	0.000549009	1.01891e-17	23.0441	0.000419824	102	56880
865	865	494.914	436.59	0	1.75988	22.8318	2.0422e-22	0.000528684	8.8106e-18	22.8312	0.000419824	102	57054
866	866	471.006	122.889	0	1.75482	22.6353	1.73709e-22	0.000510437	7.69536e-18	22.6348	0.000419824	102	57216
867	867	141.836	485.179	0	1.75932	22.8098	2.00581e-22	0.000526625	8.6791e-18	22.8093	0.000419824	102	57072
868	1121	327.371	553.238	0	1.76157	22.8976	2.15538e-22	0.00053491	9.21717e-18	22.8971	0.000419824	102	57000
869	869	498.1	435.858	0	1.76571	23.0594	2.45916e-22	0.000550439	1.02918e-17	23.0589	0.000419824	102	56868
870	870	473.588	124.858	0	1.75951	22.8171	2.01787e-22	0.00052731	8.72272e-18	22.8166	0.000419824	102	57066
871	1096	175.427	61.4401	0	1.75594	22.6788	1.80069e-22	0.000514437	7.93032e-18	22.6783	0.000419824	102	57180
872	1233	171.231	520.493	0	1.76063	22.861	2.09175e-22	0.000531442	8.98904e-18	22.8605	0.000419824	102	57030
873	873	497.151	438.928	0	1.75613	22.6861	1.81151e-22	0.000515107	7.97017e-18	22.6856	0.000419824	102	57174
874	874	476.175	126.83	0	1.75932	22.8098	2.00581e-22	0.000526625	8.6791e-18	22.8093	0.000419824	102	57072
875	1266	306.8	-0.00365179	0	10.5922	4977.9	907.099	124.216	3467.99	478.596	0.000419824	102	12
876	876	87.1668	159.094	0	1.76308	22.9563	2.26124e-22	0.000540506	9.5943e-18	22.9558	0.000419824	102	56952
877	1729	175.275	291.067	0	8.41271	2494	405	135	1465.5	488.5	0	14	6582
878	878	475.796	130.068	0	1.76345	22.971	2.28851e-22	0.000541914	9.69096e-18	22.9705	0.000419824	102	56940
879	879	75.5999	427.472	0	1.75613	22.6861	1.81151e-22	0.000515107	7.97017e-18	22.6856	0.000419824	102	57174
880	880	87.1312	153.503	0	1.75482	22.6353	1.73709e-22	0.000510437	7.69536e-18	22.6348	0.000419824	102	57216
881	984	471.413	119.671	0	1.75594	22.6788	1.80069e-22	0.000514437	7.93032e-18	22.6783	0.000419824	102	57180
882	1276	257.707	-0.00137854	0	8.41271	2494	405	135	1465.5	488.5	0	14	486
883	1275	257.847	600	0	10.5607	4933.63	896.711	123.893	3434.74	478.289	0.000419824	102	24
884	884	88.645	161.919	0	1.75707	22.7224	1.86662e-22	0.000518468	8.17244e-18	22.7219	0.000419824	102	57144
885	1241	298.458	590.83	0	1.75726	22.7297	1.87784e-22	0.000519143	8.21351e-18	22.7292	0.000419824	102	57138
886	1071	191.184	504.343	0	1.75838	22.7734	1.94659e-22	0.000523211	8.46429e-18	22.7728	0.000419824	102	57102
887	1113	324.233	552.402	0	1.75613	22.6861	1.81151e-22	0.000515107	7.97017e-18	22.6856	0.000419824	102	57174
888	1260	204.801	10.4639	0	1.76458	23.0152	2.3723e-22	0.00054616	9.98685e-18	23.0146	0.000419824	102	56904
889	889	320.948	527.481	0	1.75557	22.6643	1.77923e-22	0.0005131	7.85121e-18	22.6638	0.000419824	102	57192
890	1219	411.265	543.396	0	1.75894	22.7952	1.98191e-22	0.000525256	8.59253e-18	22.7947	0.000419824	102	57084
891	2142	283.414	246.366	0	8.41235	2493.68	404.976	134.998	1465.26	488.447	0	14	1848
892	892	223.498	137.566	0	1.75819	22.7661	1.93496e-22	0.00052253	8.42197e-18	22.7656	0.000419824	102	57108
893	893	320.55	520.989	0	1.76007	22.8391	2.05448e-22	0.000529372	8.85488e-18	22.8385	0.000419824	102	57048
894	2084	403.901	548.704	0	8.41271	2494	405	135	1465.5	488.5	0	14	12972
895	895	185.797	502.676	0	1.76421	23.0005	2.34404e-22	0.000544741	9.88723e-18	22.9999	0.000419824	102	56916
896	896	222.477	140.649	0	1.76007	22.8391	2.05448e-22	0.000529372	8.85488e-18	22.8385	0.000419824	102	57048
897	1928	96.1025	151.001	0	8.41108	2492.55	404.877	134.986	1464.42	488.26	0	14	1518
898	898	350.755	86.5888	0	1.75613	22.6861	1.81151e-22	0.000515107	7.97017e-18	22.6856	0.000419824	102	57174
899	899	184.855	505.783	0	1.75613	22.6861	1.81151e-22	0.000515107	7.97017e-18	22.6856	0.000419824	102	57174
900	1205	283.313	593.965	0	1.75463	22.6281	1.72671e-22	0.000509774	7.65689e-18	22.6275	0.000419824	102	57222
901	1001	76.9107	430.44	0	1.75819	22.7661	1.93496e-22	0.00052253	8.42197e-18	22.7656	0.000419824	102	57108
902	902	351.525	89.739	0	1.75463	22.6281	1.72671e-22	0.000509774	7.65689e-18	22.6275	0.000419824	102	57222
903	2144	176.917	543.081	0	8.41112	2492.59	404.881	134.987	1464.45	488.266	0	14	1524
