	ID	x	y	z	radius	volume_total	volume_nuclear_fluid	volume_nuclear_solid	volume_cytoplasmic_fluid	volume_cytoplasmic_solid	volume_calcified_fraction	phenotype	elapsed_time
0	907	164.885	328.49	0	3.08912	123.479	1.01079e-08	0.496535	2.50108e-06	122.983	0.000419824	102	25482
1	553	330.997	447.293	0	2.78959	90.931	3.43248e-11	0.144486	2.15465e-08	90.7865	0.000419824	102	31176
2	2	243.814	299.343	0	2.78511	90.4934	3.13744e-11	0.141694	1.99863e-08	90.3517	0.000419824	102	31266
3	666	195.795	194.025	0	3.81683	232.914	0.000942785	5.98017	0.0357357	226.897	0.000419824	102	14004
4	679	229.648	225.541	0	2.78628	90.6076	3.21353e-11	0.142433	2.03905e-08	90.4652	0.000419824	102	31242
5	694	471.783	267.658	0	3.08932	123.503	1.01082e-08	0.496551	2.50157e-06	123.007	0.000419824	102	25482
6	801	187.109	224.578	0	3.83228	235.756	0.00116178	6.25873	0.0425505	229.453	0.000419824	102	13794
7	7	353.576	275.527	0	2.79259	91.2239	3.64443e-11	0.146378	2.26537e-08	91.0775	0.000419824	102	31116
8	1210	154.407	361.035	0	8.41271	2494	405	135	1465.5	488.5	0	14	4494
9	9	364.574	275.4	0	2.67468	80.1498	5.67381e-09	0.334306	1.3533e-06	79.8155	0.000419824	102	25548
10	970	330.925	277.164	0	2.98961	111.926	8.5749e-09	0.461875	2.06736e-06	111.465	0.000419824	102	25542
11	708	201.765	225.139	0	2.79049	91.0184	3.53627e-11	0.145408	2.20784e-08	90.873	0.000419824	102	31146
12	1183	327.639	266.484	0	4.30356	333.866	0.285798	20.848	4.225	308.507	0.000419824	102	8244
13	13	368.73	294.387	0	2.74515	86.6533	2.88204e-11	0.137206	1.8155e-08	86.5161	0.000419824	102	31314
14	14	184.19	305.65	0	2.79319	91.2826	3.68837e-11	0.146759	2.28819e-08	91.1358	0.000419824	102	31104
15	15	387.619	280.465	0	2.79348	91.3119	3.71053e-11	0.14695	2.29968e-08	91.165	0.000419824	102	31098
16	16	170.793	313.604	0	2.72091	84.3781	5.79954e-09	0.35151	1.38499e-06	84.0266	0.000419824	102	25584
17	1064	151.53	414.305	0	3.82167	233.802	0.00100675	6.06635	0.0377509	227.697	0.000419824	102	13938
18	18	154.527	315.856	0	2.78422	90.4061	3.08154e-11	0.141142	1.96881e-08	90.265	0.000419824	102	31284
19	527	277.562	443.221	0	3.09099	123.703	1.04155e-08	0.499791	2.56501e-06	123.204	0.000419824	102	25452
20	697	281.543	150.518	0	3.43105	169.188	3.2441e-06	1.74008	0.000311874	167.448	0.000419824	102	19698
21	1049	293.736	163.328	0	3.39912	164.508	3.25002e-06	1.72608	0.000306199	162.781	0.000419824	102	19668
22	878	218.801	309.943	0	3.08932	123.502	1.01082e-08	0.496551	2.50156e-06	123.006	0.000419824	102	25482
23	699	307.449	256.728	0	3.08799	123.343	9.86892e-09	0.493974	2.45196e-06	122.849	0.000419824	102	25506
24	873	149.345	329.466	0	3.09701	124.427	1.16011e-08	0.511632	2.807e-06	123.915	0.000419824	102	25344
25	25	330.134	286.945	0	3.09059	123.656	1.03532e-08	0.499137	2.55204e-06	123.157	0.000419824	102	25458
26	26	331.572	271.878	0	2.78511	90.4934	3.13744e-11	0.141694	1.99863e-08	90.3517	0.000419824	102	31266
27	947	184.412	192.107	0	3.09406	124.073	1.17932e-08	0.512978	2.83782e-06	123.56	0.000419824	102	25326
28	783	259.626	146.563	0	3.82123	233.722	0.00100076	6.05847	0.0375631	227.624	0.000419824	102	13944
29	590	264.021	439.685	0	2.79139	91.1066	3.55812e-11	0.145618	2.22042e-08	90.961	0.000419824	102	31140
30	601	244.689	149.341	0	2.78362	90.348	3.04484e-11	0.140775	1.94918e-08	90.2072	0.000419824	102	31296
31	31	315.789	281.37	0	2.79079	91.048	3.51574e-11	0.14524	2.19828e-08	90.9028	0.000419824	102	31152
32	1006	313.728	395.943	0	6.48776	1143.86	97.8191	75.5729	546.95	423.518	0.000419824	102	2304
33	33	351.116	271.009	0	2.7887	90.8433	3.37133e-11	0.143923	2.1225e-08	90.6993	0.000419824	102	31194
34	828	154.377	337.084	0	3.4289	168.87	3.12976e-06	1.72658	0.000302681	167.143	0.000419824	102	19734
35	35	247.466	308.304	0	2.7878	90.7557	3.31127e-11	0.143363	2.09083e-08	90.6123	0.000419824	102	31212
36	36	247.24	303.169	0	2.79468	91.4295	3.80054e-11	0.147717	2.34624e-08	91.2818	0.000419824	102	31074
37	974	249.316	298.41	0	3.00054	113.159	9.27084e-09	0.471439	2.21382e-06	112.687	0.000419824	102	25470
38	38	348.181	275.249	0	2.7878	90.7557	3.31127e-11	0.143363	2.09083e-08	90.6123	0.000419824	102	31212
39	690	253.885	225.846	0	2.78406	90.3904	3.08144e-11	0.141138	1.96846e-08	90.2493	0.000419824	102	31284
40	1091	158.41	414.715	0	3.43582	169.895	3.63184e-06	1.78249	0.000342195	168.112	0.000419824	102	19584
41	701	240.515	146.438	0	2.70109	82.5481	3.15312e-11	0.136391	1.90335e-08	82.4117	0.000419824	102	31152
42	1008	146.235	324.406	0	3.42852	168.814	3.11108e-06	1.72433	0.000301171	167.089	0.000419824	102	19740
43	995	339.354	275.827	0	6.34783	1071.43	86.005	73.4408	491.441	420.547	0.000419824	102	2436
44	44	212.973	251.204	0	6.3294	1062.13	84.5083	73.1547	484.32	420.143	0.000419824	102	2454
45	45	367.753	289.178	0	3.09133	123.744	1.04781e-08	0.500442	2.57789e-06	123.243	0.000419824	102	25446
46	633	174.945	328.557	0	3.09902	124.669	1.20256e-08	0.515641	2.89264e-06	124.154	0.000419824	102	25308
47	1051	160.838	333.957	0	4.30676	334.611	0.2944	20.9841	4.33088	309.002	0.000419824	102	8214
48	774	201.368	230.465	0	3.08699	123.223	9.69318e-09	0.49205	2.41539e-06	122.731	0.000419824	102	25524
49	838	140.68	382.968	0	3.08565	123.064	9.46371e-09	0.489496	2.36748e-06	122.574	0.000419824	102	25548
50	932	148.584	427.543	0	3.82432	234.289	0.00104346	6.11389	0.0388975	228.135	0.000419824	102	13902
51	51	189.923	312.618	0	2.78452	90.4352	3.10006e-11	0.141326	1.9787e-08	90.2938	0.000419824	102	31278
52	52	175.605	312.103	0	2.79187	91.1533	3.62227e-11	0.146174	2.25299e-08	91.0071	0.000419824	102	31122
53	1157	151.797	349.434	0	4.3119	335.812	0.308705	21.2036	4.50582	309.794	0.000419824	102	8166
54	615	188.87	307.605	0	2.78541	90.5225	3.15629e-11	0.141879	2.00867e-08	90.3806	0.000419824	102	31260
55	55	191.016	317.661	0	2.7887	90.8433	3.37133e-11	0.143923	2.1225e-08	90.6993	0.000419824	102	31194
56	1068	157.285	320.908	0	3.43032	169.081	3.20553e-06	1.73557	0.000308776	167.345	0.000419824	102	19710
57	57	418.776	367.793	0	2.78481	90.4643	3.11869e-11	0.14151	1.98864e-08	90.3228	0.000419824	102	31272
58	58	384.512	276.334	0	2.79378	91.3413	3.73283e-11	0.147142	2.31124e-08	91.1942	0.000419824	102	31092
59	59	175.876	317.256	0	2.78959	90.931	3.43248e-11	0.144486	2.15465e-08	90.7865	0.000419824	102	31176
60	60	167.121	310.07	0	2.7887	90.8433	3.37133e-11	0.143923	2.1225e-08	90.6993	0.000419824	102	31194
61	61	426.293	370.126	0	2.78481	90.4643	3.11869e-11	0.14151	1.98864e-08	90.3228	0.000419824	102	31272
62	62	460.013	258.643	0	2.78989	90.9602	3.45311e-11	0.144674	2.16548e-08	90.8155	0.000419824	102	31170
63	63	156.738	311.29	0	2.789	90.8725	3.39159e-11	0.144111	2.13317e-08	90.7284	0.000419824	102	31188
64	1185	145.661	374.079	0	8.41271	2494	405	135	1465.5	488.5	0	14	4494
65	518	355.705	168.423	0	2.78571	90.5516	3.17526e-11	0.142063	2.01877e-08	90.4095	0.000419824	102	31254
66	725	254.243	149.279	0	2.69145	81.6674	3.03703e-11	0.134697	1.83652e-08	81.5327	0.000419824	102	31182
67	976	205.187	317.441	0	2.95374	107.946	8.6417e-09	0.452527	2.05074e-06	107.493	0.000419824	102	25482
68	1090	165.401	315.529	0	3.43463	169.719	3.5464e-06	1.77342	0.000335519	167.945	0.000419824	102	19608
69	1065	274.042	456.376	0	3.82653	234.695	0.00107506	6.15378	0.0398796	228.5	0.000419824	102	13872
70	627	326.34	444.404	0	3.09099	123.703	1.04155e-08	0.499791	2.56501e-06	123.204	0.000419824	102	25452
71	71	143.745	329.965	0	3.06555	120.673	9.27537e-09	0.48546	2.2941e-06	120.188	0.000419824	102	25548
72	72	149.256	314.433	0	3.09768	124.508	1.17409e-08	0.512965	2.83526e-06	123.995	0.000419824	102	25332
73	1036	125.584	412.636	0	3.42701	168.591	3.03751e-06	1.71538	0.000295204	166.875	0.000419824	102	19764
74	74	322.364	262.469	0	2.79498	91.4589	3.82338e-11	0.147909	2.35803e-08	91.311	0.000419824	102	31068
75	75	324.617	287.929	0	3.09099	123.703	1.04155e-08	0.499791	2.56501e-06	123.204	0.000419824	102	25452
76	546	352.385	164.484	0	2.7887	90.8433	3.37133e-11	0.143923	2.1225e-08	90.6993	0.000419824	102	31194
77	77	288.159	394.271	0	3.09099	123.703	1.04155e-08	0.499791	2.56501e-06	123.204	0.000419824	102	25452
78	78	322.441	257.27	0	2.78388	90.3735	3.06312e-11	0.140958	1.9589e-08	90.2326	0.000419824	102	31290
79	79	346.039	270.544	0	2.79408	91.3707	3.75527e-11	0.147333	2.32285e-08	91.2234	0.000419824	102	31086
80	646	136.192	391.512	0	2.7872	90.6973	3.27183e-11	0.14299	2.06998e-08	90.5543	0.000419824	102	31224
81	81	293.443	392.988	0	2.79139	91.1066	3.55812e-11	0.145618	2.22042e-08	90.961	0.000419824	102	31140
82	82	298.388	261.123	0	3.096	124.306	1.13946e-08	0.509639	2.76514e-06	123.797	0.000419824	102	25362
83	715	172.223	229.88	0	3.09266	123.904	1.07321e-08	0.503052	2.63006e-06	123.401	0.000419824	102	25422
84	580	179.116	190.904	0	2.78511	90.4934	3.13744e-11	0.141694	1.99863e-08	90.3517	0.000419824	102	31266
85	85	215.087	314.463	0	3.08638	123.151	1.06407e-08	0.50134	2.60061e-06	122.649	0.000419824	102	25428
86	1107	415.228	373.296	0	4.30229	333.57	0.282427	20.7939	4.18338	308.31	0.000419824	102	8256
87	87	364.228	285.277	0	2.78337	90.3237	3.04467e-11	0.140769	1.94864e-08	90.1829	0.000419824	102	31296
88	901	320.37	284.297	0	3.08623	123.133	9.57763e-09	0.490766	2.3911e-06	122.642	0.000419824	102	25536
89	1073	164.018	322.092	0	3.82609	234.614	0.00106866	6.14578	0.0396812	228.427	0.000419824	102	13878
90	923	198.238	200.021	0	3.09114	123.721	1.05397e-08	0.50104	2.58948e-06	123.22	0.000419824	102	25440
91	91	337.996	385.991	0	2.78389	90.3747	3.06313e-11	0.140958	1.95892e-08	90.2337	0.000419824	102	31290
92	1103	267.048	429.122	0	3.29294	149.568	2.66133e-06	1.58147	0.000248792	147.987	0.000419824	102	19764
93	562	281.353	136.549	0	3.42663	168.535	3.01939e-06	1.71315	0.000293731	166.822	0.000419824	102	19770
94	585	136.911	386.627	0	2.79199	91.1652	3.60102e-11	0.145998	2.24278e-08	91.0192	0.000419824	102	31128
95	95	367.921	299.713	0	3.093	123.944	1.07966e-08	0.503707	2.64326e-06	123.441	0.000419824	102	25416
96	1089	379.208	285.608	0	3.43658	170.008	3.61168e-06	1.78078	0.000340855	168.227	0.000419824	102	19590
97	668	287.115	138.704	0	3.09166	123.784	1.0541e-08	0.501093	2.59084e-06	123.283	0.000419824	102	25440
98	98	179.777	308.651	0	3.07476	121.765	1.00608e-08	0.495093	2.4619e-06	121.27	0.000419824	102	25470
99	99	413.463	366.697	0	3.09382	124.044	1.0992e-08	0.505663	2.68282e-06	123.538	0.000419824	102	25398
100	1172	284.008	451.282	0	8.41271	2494	405	135	1465.5	488.5	0	14	11874
101	1195	282.384	143.46	0	4.30509	334.222	0.295965	21.0016	4.34433	308.58	0.000419824	102	8208
102	718	199.876	317.167	0	2.78657	90.6358	3.42817e-11	0.144336	2.14719e-08	90.4915	0.000419824	102	31176
103	103	421.573	372.109	0	2.79139	91.1066	3.55812e-11	0.145618	2.22042e-08	90.961	0.000419824	102	31140
104	1153	284.353	417.789	0	3.81532	232.639	0.00092603	5.95675	0.0351996	226.646	0.000419824	102	14022
105	105	184.87	310.852	0	2.79019	90.9894	3.47386e-11	0.144862	2.17635e-08	90.8446	0.000419824	102	31164
106	1119	292.586	148.307	0	8.41271	2494	405	135	1465.5	488.5	0	14	9828
107	994	215.613	220.238	0	3.43305	169.484	3.34267e-06	1.75146	0.000319804	167.732	0.000419824	102	19668
108	108	389.668	275.755	0	2.7881	90.7848	3.33117e-11	0.143549	2.10134e-08	90.6413	0.000419824	102	31206
109	533	390.002	417.267	0	3.42776	168.702	3.07408e-06	1.71985	0.000298173	166.982	0.000419824	102	19752
110	757	370.474	214.657	0	3.09132	123.743	1.04781e-08	0.500441	2.57787e-06	123.242	0.000419824	102	25446
111	111	429.744	378.385	0	2.78631	90.6098	3.21354e-11	0.142433	2.0391e-08	90.4674	0.000419824	102	31242
112	751	196.078	232.634	0	3.09066	123.663	1.03533e-08	0.499141	2.5522e-06	123.164	0.000419824	102	25458
113	1134	204.415	216.837	0	3.81639	232.833	0.000937175	5.97239	0.0355579	226.825	0.000419824	102	14010
114	916	400.86	412.752	0	3.43041	169.093	3.20556e-06	1.73558	0.000308799	167.357	0.000419824	102	19710
115	727	398.278	192.674	0	2.7763	89.6373	3.15117e-11	0.141809	1.98675e-08	89.4955	0.000419824	102	31248
116	116	466.449	267.992	0	2.7872	90.6973	3.27183e-11	0.14299	2.06998e-08	90.5543	0.000419824	102	31224
117	117	159.162	326.935	0	3.42742	168.651	3.07388e-06	1.71976	0.000298079	166.931	0.000419824	102	19752
118	118	145.238	318.478	0	3.03177	116.729	8.8433e-09	0.474391	2.16501e-06	116.254	0.000419824	102	25560
119	567	321.65	447.32	0	2.79348	91.3119	3.71053e-11	0.14695	2.29968e-08	91.165	0.000419824	102	31098
120	120	465.388	258.718	0	3.094	124.065	1.09923e-08	0.505677	2.68328e-06	123.559	0.000419824	102	25398
121	895	170.448	319.245	0	3.42738	168.646	3.22109e-06	1.73621	0.000309354	166.909	0.000419824	102	19704
122	663	360.774	167.531	0	2.7881	90.7846	3.33117e-11	0.143549	2.10133e-08	90.641	0.000419824	102	31206
123	559	311.666	455.67	0	3.82963	235.265	0.00112092	6.21007	0.0412963	229.013	0.000419824	102	13830
124	124	326.802	259.919	0	2.789	90.8725	3.39159e-11	0.144111	2.13317e-08	90.7284	0.000419824	102	31188
125	804	131.044	414.94	0	3.08799	123.343	9.86892e-09	0.493974	2.45196e-06	122.849	0.000419824	102	25506
126	711	276.287	146.692	0	3.43532	169.82	3.46485e-06	1.76518	0.000329548	168.055	0.000419824	102	19632
127	1081	265.382	396.185	0	3.42628	168.483	3.03699e-06	1.71514	0.000295005	166.768	0.000419824	102	19764
128	128	329.842	250.114	0	2.78392	90.377	3.06314e-11	0.140959	1.95897e-08	90.2361	0.000419824	102	31290
129	684	264.701	401.907	0	2.79256	91.221	3.64442e-11	0.146377	2.2653e-08	91.0747	0.000419824	102	31116
130	1204	408.753	398.516	0	8.41271	2494	405	135	1465.5	488.5	0	14	7470
131	1034	159.676	402.705	0	3.43267	169.428	3.32273e-06	1.74918	0.000318208	167.678	0.000419824	102	19674
132	1202	335.523	266.795	0	4.17133	304.026	0.284523	19.9721	3.9819	279.788	0.000419824	102	8130
133	840	301.475	255.945	0	3.42739	168.647	3.05574e-06	1.71762	0.000296685	166.929	0.000419824	102	19758
134	870	323.746	206.898	0	3.09132	123.743	1.04781e-08	0.500442	2.57789e-06	123.243	0.000419824	102	25446
135	960	239.156	322.5	0	3.83051	235.429	0.00113438	6.22625	0.0417102	229.16	0.000419824	102	13818
136	136	362.04	270.254	0	3.42814	168.758	3.09253e-06	1.72209	0.000299668	167.036	0.000419824	102	19746
137	137	224.833	310.23	0	3.08565	123.064	9.46371e-09	0.489496	2.36748e-06	122.574	0.000419824	102	25548
138	138	216.194	238.242	0	2.79259	91.2239	3.64443e-11	0.146378	2.26537e-08	91.0775	0.000419824	102	31116
139	1102	234.151	316.886	0	4.3074	334.76	0.296151	21.0114	4.35237	309.1	0.000419824	102	8208
140	747	187.29	173.196	0	2.69063	81.5927	3.13286e-11	0.135217	1.88544e-08	81.4575	0.000419824	102	31146
141	978	221.855	304.352	0	3.8283	235.02	0.00110103	6.18589	0.040683	228.793	0.000419824	102	13848
142	597	381.633	185.161	0	2.79259	91.2239	3.64443e-11	0.146378	2.26537e-08	91.0775	0.000419824	102	31116
143	593	227.521	315.43	0	3.06903	121.086	1.09223e-08	0.501759	2.62231e-06	120.584	0.000419824	102	25380
144	709	295.111	265.457	0	2.78496	90.4782	3.19327e-11	0.142208	2.0265e-08	90.336	0.000419824	102	31248
145	650	328.114	245.308	0	2.79079	91.0479	3.51574e-11	0.14524	2.19827e-08	90.9027	0.000419824	102	31152
146	763	387.086	183.542	0	3.42776	168.702	3.07408e-06	1.71985	0.000298173	166.982	0.000419824	102	19752
147	915	180.839	222.383	0	3.43305	169.484	3.34267e-06	1.75146	0.000319804	167.732	0.000419824	102	19668
148	696	319.128	222.099	0	2.78421	90.4057	3.09984e-11	0.141317	1.97804e-08	90.2644	0.000419824	102	31278
149	939	153.11	392.248	0	3.09132	123.743	1.09179e-08	0.50468	2.66343e-06	123.238	0.000419824	102	25404
150	1080	343.209	388.526	0	3.42982	169.006	3.20515e-06	1.7354	0.000308633	167.27	0.000419824	102	19710
151	677	383.987	417.004	0	3.08932	123.503	1.01082e-08	0.496551	2.50157e-06	123.007	0.000419824	102	25482
152	1059	348.599	392.475	0	3.82344	234.127	0.00103107	6.098	0.0385115	227.989	0.000419824	102	13914
153	153	195.251	314.286	0	3.09465	124.143	1.11248e-08	0.506993	2.71025e-06	123.636	0.000419824	102	25386
154	576	327.769	235.835	0	3.094	124.065	1.09923e-08	0.505677	2.68328e-06	123.559	0.000419824	102	25398
155	661	298.531	391.731	0	2.74621	86.7541	3.31786e-11	0.141371	2.03074e-08	86.6127	0.000419824	102	31158
156	156	386.631	271.351	0	3.03392	116.977	1.02739e-08	0.488466	2.4477e-06	116.488	0.000419824	102	25404
157	157	162.788	368.29	0	3.43116	169.204	3.24415e-06	1.74011	0.000311904	167.464	0.000419824	102	19698
158	659	206.104	233.464	0	3.09567	124.266	1.13265e-08	0.508977	2.75133e-06	123.757	0.000419824	102	25368
159	159	425.576	375.235	0	2.7714	89.1635	2.98057e-11	0.139964	1.89392e-08	89.0236	0.000419824	102	31302
160	872	320.531	278.731	0	3.08699	123.223	9.69318e-09	0.49205	2.41538e-06	122.731	0.000419824	102	25524
161	161	159.662	315.636	0	2.79169	91.1359	3.57951e-11	0.145808	2.23157e-08	90.9901	0.000419824	102	31134
162	886	180.451	326.327	0	3.42779	168.706	3.09231e-06	1.72199	0.000299572	166.984	0.000419824	102	19746
163	163	430.328	373.281	0	2.78511	90.4934	3.13744e-11	0.141694	1.99863e-08	90.3517	0.000419824	102	31266
164	164	462.611	254.113	0	2.79319	91.2826	3.68837e-11	0.146759	2.28819e-08	91.1358	0.000419824	102	31104
165	1208	283.998	437.396	0	6.32329	1059.05	84.0152	73.0596	481.969	420.009	0.000419824	102	2460
166	166	175.101	245.293	0	2.77	89.0287	3.2093e-11	0.1419	2.00835e-08	88.8868	0.000419824	102	31224
167	167	434.44	376.349	0	2.78601	90.5807	3.19434e-11	0.142248	2.02891e-08	90.4385	0.000419824	102	31248
168	168	470.675	258.305	0	2.78989	90.9602	3.45311e-11	0.144674	2.16548e-08	90.8155	0.000419824	102	31170
169	1138	424.168	393.462	0	3.82211	233.883	0.00101278	6.07425	0.0379396	227.77	0.000419824	102	13932
170	170	174.14	240.256	0	2.78332	90.3189	3.02665e-11	0.140592	1.93944e-08	90.1783	0.000419824	102	31302
171	171	304.783	384.916	0	2.7893	90.9017	3.41197e-11	0.144298	2.14388e-08	90.7574	0.000419824	102	31182
172	172	330.665	255.691	0	3.43645	169.988	3.5276e-06	1.77209	0.000334531	168.216	0.000419824	102	19614
173	761	217.948	226.18	0	3.44062	170.607	3.76758e-06	1.79763	0.000353454	168.809	0.000419824	102	19548
174	174	325.571	253.155	0	2.789	90.8725	3.39159e-11	0.144111	2.13317e-08	90.7284	0.000419824	102	31188
175	557	276.817	432.849	0	3.09032	123.623	1.02915e-08	0.498492	2.53944e-06	123.125	0.000419824	102	25464
176	523	267.234	444.084	0	3.09801	124.548	1.18115e-08	0.513632	2.8495e-06	124.035	0.000419824	102	25326
177	177	329.048	385.785	0	2.78481	90.4643	3.11869e-11	0.14151	1.98864e-08	90.3228	0.000419824	102	31272
178	178	333.195	246.209	0	2.79019	90.9894	3.47386e-11	0.144862	2.17635e-08	90.8445	0.000419824	102	31164
179	972	241.42	305.609	0	4.31579	336.72	0.319887	21.3698	4.64164	310.389	0.000419824	102	8130
180	877	401	197.139	0	2.89673	101.815	8.83279e-09	0.437152	2.04637e-06	101.378	0.000419824	102	25380
181	181	333.43	388.432	0	2.78533	90.5143	3.15625e-11	0.141877	2.00849e-08	90.3724	0.000419824	102	31260
182	685	379.346	277.241	0	2.78775	90.7509	3.31125e-11	0.143362	2.09072e-08	90.6076	0.000419824	102	31212
183	183	277.674	396.035	0	3.08665	123.184	9.6353e-09	0.49141	2.40332e-06	122.692	0.000419824	102	25530
184	738	191.873	228.766	0	3.08665	123.184	9.6353e-09	0.49141	2.40332e-06	122.692	0.000419824	102	25530
185	778	294.017	448.631	0	3.00591	113.768	8.98095e-09	0.468758	2.16857e-06	113.299	0.000419824	102	25518
186	670	189.794	192.538	0	2.79168	91.1355	3.57951e-11	0.145808	2.23156e-08	90.9897	0.000419824	102	31134
187	187	259.3	399.245	0	3.83273	235.837	0.00116873	6.26688	0.0427632	229.527	0.000419824	102	13788
188	188	224.192	226.053	0	3.09667	124.387	1.15319e-08	0.510967	2.79298e-06	123.876	0.000419824	102	25350
189	734	243.569	311.718	0	2.75329	87.4272	3.09232e-11	0.139686	1.93045e-08	87.2875	0.000419824	102	31248
190	728	289.805	158.654	0	3.0895	123.525	1.05333e-08	0.500788	2.58508e-06	123.024	0.000419824	102	25440
191	698	375.42	426.629	0	2.78355	90.3413	3.06286e-11	0.140948	1.95817e-08	90.2003	0.000419824	102	31290
192	192	210.673	230.612	0	2.78571	90.5516	3.17526e-11	0.142063	2.01877e-08	90.4095	0.000419824	102	31254
193	193	410.917	381.828	0	2.79049	91.0187	3.49474e-11	0.145051	2.18729e-08	90.8737	0.000419824	102	31158
194	1209	245.068	288.988	0	8.41271	2494	405	135	1465.5	488.5	0	14	3912
195	1078	296.347	132.36	0	3.81727	232.995	0.000948428	5.98795	0.0359144	226.97	0.000419824	102	13998
196	620	305.29	447.06	0	3.09103	123.708	1.05393e-08	0.501026	2.58919e-06	123.207	0.000419824	102	25440
197	619	201.108	184.022	0	2.7887	90.8433	3.37133e-11	0.143923	2.1225e-08	90.6993	0.000419824	102	31194
198	742	151.753	383.497	0	3.43041	169.093	3.20556e-06	1.73558	0.000308799	167.357	0.000419824	102	19710
199	199	184.177	330.699	0	2.7872	90.6967	3.27183e-11	0.14299	2.06997e-08	90.5538	0.000419824	102	31224
200	1166	420.394	399.785	0	4.32363	338.559	0.343479	21.706	4.92564	311.584	0.000419824	102	8058
201	201	414.92	384.877	0	2.79109	91.0773	3.53687e-11	0.145429	2.20932e-08	90.9319	0.000419824	102	31146
202	202	375.69	273.194	0	3.09667	124.387	1.15319e-08	0.510967	2.79298e-06	123.876	0.000419824	102	25350
203	203	163.294	374.107	0	2.79378	91.3413	3.73283e-11	0.147142	2.31124e-08	91.1942	0.000419824	102	31092
204	531	265.642	434.778	0	2.79229	91.1945	3.62266e-11	0.146188	2.25405e-08	91.0483	0.000419824	102	31122
205	205	415.764	379.763	0	2.78315	90.3024	3.08048e-11	0.141101	1.96645e-08	90.1613	0.000419824	102	31284
206	612	300.684	439.124	0	2.7887	90.8433	3.37133e-11	0.143923	2.1225e-08	90.6993	0.000419824	102	31194
207	207	175.452	322.77	0	3.09467	124.145	1.11248e-08	0.506994	2.71029e-06	123.638	0.000419824	102	25386
208	510	193.795	179.187	0	2.79139	91.1066	3.55812e-11	0.145618	2.22042e-08	90.961	0.000419824	102	31140
209	209	420.623	377.211	0	2.7869	90.6681	3.25228e-11	0.142804	2.05964e-08	90.5253	0.000419824	102	31230
210	824	234.793	306.976	0	3.07609	121.923	1.16956e-08	0.510018	2.7815e-06	121.413	0.000419824	102	25314
211	1203	218.824	268.544	0	8.41271	2494	405	135	1465.5	488.5	0	14	7398
212	1145	417.7	409.165	0	6.47469	1136.96	96.6813	75.3765	541.656	423.247	0.000419824	102	2316
213	1197	235.154	298.22	0	6.36642	1080.87	87.5281	73.7279	498.665	420.949	0.000419824	102	2418
214	214	467.826	253.934	0	2.78631	90.6098	3.21354e-11	0.142433	2.0391e-08	90.4674	0.000419824	102	31242
215	944	230.766	310.94	0	3.08151	122.569	9.72763e-09	0.491703	2.41276e-06	122.078	0.000419824	102	25518
216	216	173.181	235.196	0	2.78392	90.377	3.06314e-11	0.140959	1.95897e-08	90.2361	0.000419824	102	31290
217	217	438.657	379.242	0	2.79289	91.2532	3.66633e-11	0.146568	2.27675e-08	91.1066	0.000419824	102	31110
218	218	468.515	263.188	0	2.7925	91.215	3.64438e-11	0.146376	2.26515e-08	91.0686	0.000419824	102	31116
219	988	226.044	298.859	0	3.42701	168.591	3.03751e-06	1.71538	0.000295205	166.875	0.000419824	102	19764
220	220	169.291	238.579	0	2.78571	90.5516	3.17526e-11	0.142063	2.01877e-08	90.4095	0.000419824	102	31254
221	897	236.317	335.149	0	3.08987	123.569	1.02298e-08	0.497836	2.52646e-06	123.071	0.000419824	102	25470
222	222	322.052	226.312	0	2.78541	90.5225	3.15629e-11	0.141879	2.00868e-08	90.3806	0.000419824	102	31260
223	223	297.115	396.62	0	2.7875	90.7265	3.29149e-11	0.143176	2.08038e-08	90.5833	0.000419824	102	31218
224	980	144.056	423.245	0	2.95534	108.121	8.9044e-09	0.45548	2.10274e-06	107.665	0.000419824	102	25452
225	225	318.729	388.539	0	3.09616	124.325	1.17354e-08	0.512763	2.83088e-06	123.813	0.000419824	102	25332
226	940	221.461	221.148	0	3.08646	123.16	1.02162e-08	0.49729	2.5175e-06	122.663	0.000419824	102	25470
227	1100	319.211	210.803	0	3.38916	163.066	3.10009e-06	1.70318	0.000293421	161.363	0.000419824	102	19710
228	1005	411.713	417.16	0	4.32101	337.943	0.335428	21.5933	4.8291	311.185	0.000419824	102	8082
229	1010	210.742	319.686	0	3.42739	168.647	3.05574e-06	1.71762	0.000296685	166.929	0.000419824	102	19758
230	230	373.658	204.077	0	2.78481	90.4643	3.11869e-11	0.14151	1.98864e-08	90.3228	0.000419824	102	31272
231	736	356.292	280.435	0	3.09667	124.387	1.15319e-08	0.510967	2.79298e-06	123.876	0.000419824	102	25350
232	232	238.696	223.669	0	2.78481	90.4643	3.11869e-11	0.14151	1.98864e-08	90.3228	0.000419824	102	31272
233	1021	271.782	395.139	0	3.42826	168.775	3.1293e-06	1.72637	0.000302504	167.048	0.000419824	102	19734
234	635	254.017	144.117	0	2.79079	91.048	3.51574e-11	0.14524	2.19828e-08	90.9028	0.000419824	102	31152
235	1154	278.809	421.986	0	3.81844	233.209	0.000965541	6.01126	0.0364512	227.16	0.000419824	102	13980
236	1142	292.222	432.944	0	3.79218	228.431	0.000902992	5.9052	0.0339888	222.491	0.000419824	102	14028
237	625	201.983	210.094	0	3.81247	232.118	0.00100047	6.063	0.0372591	226.017	0.000419824	102	13932
238	991	150.254	397.477	0	3.43456	169.708	3.42364e-06	1.7606	0.000326267	167.947	0.000419824	102	19644
239	239	269.426	400.192	0	2.79378	91.3413	3.73283e-11	0.147142	2.31124e-08	91.1942	0.000419824	102	31092
240	240	221.53	230.69	0	2.79199	91.1652	3.60102e-11	0.145998	2.24278e-08	91.0192	0.000419824	102	31128
241	241	348.535	386.361	0	2.79378	91.3413	3.73283e-11	0.147142	2.31124e-08	91.1942	0.000419824	102	31092
242	561	294.806	454.968	0	3.82697	234.776	0.00108149	6.16179	0.040079	228.574	0.000419824	102	13866
243	611	240.706	141.354	0	2.78511	90.4934	3.13744e-11	0.141694	1.99863e-08	90.3517	0.000419824	102	31266
244	534	390.14	173.614	0	3.42852	168.814	3.11108e-06	1.72433	0.000301171	167.089	0.000419824	102	19740
245	616	387.801	408.017	0	2.7872	90.6969	3.27183e-11	0.14299	2.06998e-08	90.5539	0.000419824	102	31224
246	607	243.041	154.819	0	3.41898	167.409	3.00201e-06	1.71272	0.000290142	165.696	0.000419824	102	19764
247	247	179.187	331.939	0	2.79169	91.1359	3.57951e-11	0.145808	2.23157e-08	90.9901	0.000419824	102	31134
248	248	171.947	308.665	0	2.70499	82.9062	2.70192e-11	0.132917	1.68095e-08	82.7733	0.000419824	102	31320
249	662	217.819	243.606	0	3.09038	123.63	1.04753e-08	0.50033	2.57541e-06	123.129	0.000419824	102	25446
250	983	202.496	309.171	0	6.34167	1068.32	85.5032	73.3453	489.056	420.412	0.000419824	102	2442
251	1136	137.345	415.036	0	3.83228	235.756	0.00116178	6.25873	0.0425505	229.453	0.000419824	102	13794
252	252	190.762	234.023	0	2.7887	90.8432	3.37133e-11	0.143923	2.1225e-08	90.6993	0.000419824	102	31194
253	512	309.044	144.883	0	2.78541	90.5225	3.15629e-11	0.141879	2.00868e-08	90.3806	0.000419824	102	31260
254	1189	369.634	412.665	0	8.41271	2494	405	135	1465.5	488.5	0	14	11850
255	255	157.769	382.926	0	2.7887	90.8433	3.37133e-11	0.143923	2.1225e-08	90.6993	0.000419824	102	31194
256	1095	271.129	433.542	0	3.42581	168.414	3.50171e-06	1.76938	0.000329475	166.644	0.000419824	102	19608
257	257	424.951	380.231	0	2.7878	90.7557	3.31127e-11	0.143363	2.09083e-08	90.6123	0.000419824	102	31212
258	258	465.062	249.268	0	3.08765	123.303	9.80999e-09	0.493332	2.43971e-06	122.81	0.000419824	102	25512
259	259	154.881	378.657	0	2.79259	91.2239	3.64443e-11	0.146378	2.26537e-08	91.0775	0.000419824	102	31116
260	260	177.459	231.778	0	3.08832	123.383	9.92821e-09	0.494617	2.46427e-06	122.889	0.000419824	102	25500
261	586	356.226	270.924	0	2.78541	90.5225	3.15629e-11	0.141879	2.00868e-08	90.3806	0.000419824	102	31260
262	695	359.208	285.079	0	2.74722	86.8496	3.07525e-11	0.13907	1.91554e-08	86.7105	0.000419824	102	31248
263	833	233.594	221.799	0	3.08239	122.673	9.56297e-09	0.490146	2.38151e-06	122.183	0.000419824	102	25536
264	678	361.915	290.002	0	3.08632	123.144	9.57776e-09	0.490771	2.39131e-06	122.653	0.000419824	102	25536
265	568	354.137	159.648	0	2.78392	90.377	3.06314e-11	0.140959	1.95897e-08	90.2361	0.000419824	102	31290
266	266	461.595	245.094	0	2.78959	90.931	3.43248e-11	0.144486	2.15465e-08	90.7865	0.000419824	102	31176
267	267	131.675	394.298	0	3.09795	124.541	1.18114e-08	0.513629	2.84933e-06	124.027	0.000419824	102	25326
268	958	228.083	293.099	0	3.066	120.727	1.0468e-08	0.49699	2.5299e-06	120.23	0.000419824	102	25422
269	269	295.796	401.58	0	2.79378	91.3413	3.73283e-11	0.147142	2.31124e-08	91.1942	0.000419824	102	31092
270	270	324.646	231.067	0	3.09233	123.864	1.0668e-08	0.502398	2.61692e-06	123.362	0.000419824	102	25428
271	271	303.178	389.773	0	2.78332	90.3189	3.02665e-11	0.140592	1.93944e-08	90.1783	0.000419824	102	31302
272	272	330.073	230.916	0	2.78631	90.6098	3.21354e-11	0.142433	2.0391e-08	90.4674	0.000419824	102	31242
273	273	287.018	399.462	0	2.78571	90.5514	3.17526e-11	0.142063	2.01876e-08	90.4094	0.000419824	102	31254
274	274	327.472	226.106	0	3.09433	124.105	1.10584e-08	0.506335	2.69675e-06	123.599	0.000419824	102	25392
275	275	328.775	390.943	0	2.7872	90.6973	3.27183e-11	0.14299	2.06998e-08	90.5543	0.000419824	102	31224
276	276	331.447	240.645	0	3.43469	169.727	3.44402e-06	1.76282	0.000327829	167.963	0.000419824	102	19638
277	982	294.988	388.01	0	2.86441	98.4456	7.36063e-09	0.413961	1.74139e-06	98.0316	0.000419824	102	25524
278	278	244.157	223.717	0	3.09467	124.145	1.11248e-08	0.506994	2.71029e-06	123.638	0.000419824	102	25386
279	279	338.021	391.333	0	3.02966	116.485	8.97859e-09	0.475194	2.18981e-06	116.01	0.000419824	102	25542
280	722	346.087	265.279	0	2.79062	91.0314	3.70619e-11	0.146807	2.29216e-08	90.8846	0.000419824	102	31098
281	281	274.57	400.505	0	2.78541	90.5225	3.15629e-11	0.141879	2.00868e-08	90.3806	0.000419824	102	31260
282	906	255.127	220.645	0	3.09591	124.294	1.13944e-08	0.509632	2.76487e-06	123.785	0.000419824	102	25362
283	283	342.559	394.589	0	3.08799	123.343	9.86892e-09	0.493974	2.45196e-06	122.849	0.000419824	102	25506
284	584	193.04	188.293	0	3.09032	123.623	1.02915e-08	0.498492	2.53945e-06	123.125	0.000419824	102	25464
285	683	364.408	171.585	0	3.08899	123.463	1.00479e-08	0.495905	2.48908e-06	122.967	0.000419824	102	25488
286	1086	336.549	257.893	0	3.42652	168.519	3.0911e-06	1.72144	0.000299216	166.797	0.000419824	102	19746
287	641	420.204	382.338	0	2.79438	91.4001	3.77784e-11	0.147525	2.33452e-08	91.2525	0.000419824	102	31080
288	759	290.702	403.397	0	3.08565	123.064	9.46371e-09	0.489496	2.36748e-06	122.574	0.000419824	102	25548
289	289	260.868	405.26	0	2.79139	91.1066	3.55812e-11	0.145618	2.22042e-08	90.961	0.000419824	102	31140
290	290	206.216	222.723	0	2.78989	90.9601	3.45311e-11	0.144674	2.16547e-08	90.8154	0.000419824	102	31170
291	291	410.125	386.999	0	2.78541	90.5225	3.15629e-11	0.141879	2.00868e-08	90.3806	0.000419824	102	31260
292	642	163.633	391.752	0	2.78631	90.6098	3.21354e-11	0.142433	2.0391e-08	90.4674	0.000419824	102	31242
293	643	333.26	393.487	0	2.79139	91.1066	3.55812e-11	0.145618	2.22042e-08	90.9609	0.000419824	102	31140
294	294	197.051	227.253	0	2.78362	90.348	3.04484e-11	0.140775	1.94918e-08	90.2072	0.000419824	102	31296
295	836	287.237	428.997	0	3.09366	124.024	1.09267e-08	0.505019	2.66987e-06	123.519	0.000419824	102	25404
296	839	147.315	335.915	0	4.32669	339.277	0.3538	21.847	5.04809	312.028	0.000419824	102	8028
297	997	408.265	370.41	0	3.8314	235.592	0.001148	6.24247	0.0421283	229.306	0.000419824	102	13806
298	298	186.768	230.673	0	2.79169	91.1359	3.57951e-11	0.145808	2.23157e-08	90.9901	0.000419824	102	31134
299	634	170.247	243.631	0	2.79049	91.0187	3.49474e-11	0.145051	2.18729e-08	90.8737	0.000419824	102	31158
300	300	406.465	207.753	0	3.82079	233.641	0.000994808	6.05059	0.0373762	227.552	0.000419824	102	13950
301	556	245.321	139.023	0	2.789	90.8725	3.39159e-11	0.144111	2.13317e-08	90.7284	0.000419824	102	31188
302	302	182.551	233.611	0	2.78541	90.5225	3.15629e-11	0.141879	2.00868e-08	90.3806	0.000419824	102	31260
303	1167	322.476	400.355	0	3.8189	233.294	0.00106311	6.14747	0.0392358	227.106	0.000419824	102	13872
304	304	410.713	212.152	0	2.79498	91.4589	3.82338e-11	0.147909	2.35803e-08	91.311	0.000419824	102	31068
305	305	155.743	387.606	0	2.79049	91.0187	3.49474e-11	0.145051	2.18729e-08	90.8737	0.000419824	102	31158
306	306	176.438	226.281	0	2.78362	90.348	3.04484e-11	0.140775	1.94918e-08	90.2072	0.000419824	102	31296
307	599	433.981	381.506	0	2.79019	90.9895	3.47386e-11	0.144862	2.17635e-08	90.8446	0.000419824	102	31164
308	308	415.51	202.446	0	2.78452	90.4352	3.10006e-11	0.141326	1.9787e-08	90.2938	0.000419824	102	31278
309	829	216.695	320.003	0	3.09734	124.467	1.16708e-08	0.512298	2.8211e-06	123.955	0.000419824	102	25338
310	516	307.776	132.178	0	2.78452	90.4352	3.10006e-11	0.141326	1.9787e-08	90.2938	0.000419824	102	31278
311	311	429.258	383.486	0	2.78481	90.4643	3.11869e-11	0.14151	1.98864e-08	90.3228	0.000419824	102	31272
312	312	459.666	249.876	0	2.79498	91.4589	3.82338e-11	0.147909	2.35803e-08	91.311	0.000419824	102	31068
313	313	131.753	388.399	0	3.0825	122.687	9.61938e-09	0.490741	2.3929e-06	122.196	0.000419824	102	25530
314	314	168.274	233.557	0	2.78422	90.4061	3.08154e-11	0.141142	1.96881e-08	90.265	0.000419824	102	31284
315	315	303.335	395.764	0	3.8317	235.648	0.00116164	6.25813	0.0425297	229.346	0.000419824	102	13794
316	316	327.222	217.078	0	3.09533	124.226	1.12589e-08	0.508315	2.73758e-06	123.717	0.000419824	102	25374
317	1055	249.536	153.229	0	3.81639	232.833	0.000937175	5.97239	0.0355579	226.825	0.000419824	102	14010
318	987	328.374	403.076	0	2.83377	95.3197	7.80652e-09	0.40793	1.81453e-06	94.9117	0.000419824	102	25422
319	610	305.029	436.438	0	2.79258	91.2234	3.64443e-11	0.146378	2.26536e-08	91.077	0.000419824	102	31116
320	320	328.751	209.018	0	2.79289	91.2532	3.66633e-11	0.146568	2.27675e-08	91.1066	0.000419824	102	31110
321	745	249.484	141.791	0	2.59788	73.4424	2.32367e-11	0.120107	1.41715e-08	73.3223	0.000419824	102	31326
322	1053	265.148	449.667	0	3.42657	168.527	3.01937e-06	1.71314	0.000293716	166.813	0.000419824	102	19770
323	323	377.861	406.746	0	2.79109	91.0773	3.53687e-11	0.145429	2.20932e-08	90.9319	0.000419824	102	31146
324	324	325.684	240.808	0	2.779	89.8988	3.07392e-11	0.140855	1.9569e-08	89.758	0.000419824	102	31284
325	325	283.07	396.213	0	2.78571	90.5516	3.17526e-11	0.142063	2.01877e-08	90.4095	0.000419824	102	31254
326	326	257.423	229.564	0	2.7851	90.492	3.13743e-11	0.141694	1.9986e-08	90.3503	0.000419824	102	31266
327	821	412.822	207.153	0	3.08866	123.423	9.98785e-09	0.495261	2.47664e-06	122.928	0.000419824	102	25494
328	893	388.283	402.408	0	3.43298	169.474	3.36242e-06	1.7536	0.000321276	167.72	0.000419824	102	19662
329	329	276.412	405.383	0	2.7881	90.7848	3.33117e-11	0.143549	2.10134e-08	90.6413	0.000419824	102	31206
330	675	159.988	378.175	0	2.79108	91.0765	3.53687e-11	0.145429	2.2093e-08	90.931	0.000419824	102	31146
331	331	392.392	406.307	0	2.57391	71.4277	2.44473e-11	0.118649	1.46786e-08	71.309	0.000419824	102	31224
332	332	375.764	199.368	0	2.79109	91.0773	3.53687e-11	0.145429	2.20932e-08	90.9319	0.000419824	102	31146
333	333	271.418	404.763	0	2.78631	90.6098	3.21354e-11	0.142433	2.0391e-08	90.4674	0.000419824	102	31242
334	334	202.068	203.94	0	2.78302	90.2898	3.00857e-11	0.14041	1.92974e-08	90.1494	0.000419824	102	31308
335	1033	160.465	421.335	0	3.81991	233.479	0.000983005	6.03487	0.0370053	227.406	0.000419824	102	13962
336	336	377.913	194.675	0	2.78631	90.6098	3.21354e-11	0.142433	2.0391e-08	90.4674	0.000419824	102	31242
337	337	271.565	409.846	0	2.78661	90.639	3.23285e-11	0.142619	2.04934e-08	90.4964	0.000419824	102	31236
338	1121	322.927	393.227	0	3.81903	233.317	0.000971342	6.01919	0.036638	227.261	0.000419824	102	13974
339	526	365.767	166.329	0	2.78332	90.3189	3.02665e-11	0.140592	1.93944e-08	90.1783	0.000419824	102	31302
340	340	382.999	193.857	0	2.79348	91.3119	3.71053e-11	0.14695	2.29968e-08	91.165	0.000419824	102	31098
341	341	168.197	412.176	0	3.08732	123.263	9.75141e-09	0.49269	2.42752e-06	122.771	0.000419824	102	25518
342	654	206.254	227.905	0	2.78177	90.1677	3.0073e-11	0.14036	1.927e-08	90.0273	0.000419824	102	31308
343	343	404.212	374.992	0	2.7884	90.814	3.35119e-11	0.143736	2.11189e-08	90.6703	0.000419824	102	31200
344	1165	211.722	242.195	0	3.81352	232.309	0.00096391	6.00318	0.0362956	226.269	0.000419824	102	13980
345	345	167.478	395.17	0	2.79498	91.4589	3.82338e-11	0.147909	2.35803e-08	91.311	0.000419824	102	31068
346	346	181.82	228.23	0	3.08797	123.341	9.92744e-09	0.494584	2.46339e-06	122.846	0.000419824	102	25500
347	573	264.338	150.442	0	2.78541	90.5225	3.15629e-11	0.141879	2.00868e-08	90.3806	0.000419824	102	31260
348	348	403.764	201.943	0	3.09255	123.891	1.1052e-08	0.506091	2.69182e-06	123.384	0.000419824	102	25392
349	349	158.564	391.936	0	2.7872	90.6973	3.27183e-11	0.14299	2.06998e-08	90.5543	0.000419824	102	31224
350	350	182.53	187.054	0	2.79139	91.1066	3.55812e-11	0.145618	2.22042e-08	90.961	0.000419824	102	31140
351	351	417.852	393.866	0	2.78571	90.5516	3.17526e-11	0.142063	2.01877e-08	90.4095	0.000419824	102	31254
352	714	337.293	397.039	0	3.08732	123.263	9.75141e-09	0.49269	2.42752e-06	122.771	0.000419824	102	25518
353	769	180.515	314.208	0	3.096	124.306	1.13946e-08	0.509639	2.76514e-06	123.797	0.000419824	102	25362
354	756	166.383	387.132	0	3.09868	124.629	1.19538e-08	0.51497	2.87818e-06	124.114	0.000419824	102	25314
355	355	424.607	385.227	0	2.79079	91.048	3.51574e-11	0.14524	2.19828e-08	90.9028	0.000419824	102	31152
356	356	409.795	201.961	0	3.42588	168.424	2.98347e-06	1.7087	0.000290807	166.715	0.000419824	102	19782
357	1164	301.027	266.946	0	3.82613	234.622	0.00110036	6.18291	0.0406076	228.397	0.000419824	102	13848
358	358	166.963	228.57	0	2.7881	90.7848	3.33117e-11	0.143549	2.10134e-08	90.6413	0.000419824	102	31206
359	359	291.035	408.852	0	2.78302	90.2899	3.00857e-11	0.14041	1.92974e-08	90.1495	0.000419824	102	31308
360	881	366.718	210.367	0	3.08706	123.232	9.7509e-09	0.492668	2.42688e-06	122.74	0.000419824	102	25518
361	1199	132.783	379.423	0	6.3789	1087.24	88.5585	73.92	503.543	421.22	0.000419824	102	2406
362	604	381.071	421.534	0	2.78481	90.4643	3.11869e-11	0.14151	1.98864e-08	90.3228	0.000419824	102	31272
363	363	285.334	404.212	0	2.79019	90.9895	3.47386e-11	0.144862	2.17635e-08	90.8446	0.000419824	102	31164
364	364	324.275	221.664	0	2.79378	91.3413	3.73283e-11	0.147142	2.31124e-08	91.1942	0.000419824	102	31092
365	365	313.514	387.31	0	2.78861	90.8351	3.59585e-11	0.145824	2.2341e-08	90.6893	0.000419824	102	31128
366	651	394.852	420.78	0	3.09801	124.548	1.18115e-08	0.513632	2.8495e-06	124.035	0.000419824	102	25326
367	367	281.169	407.193	0	2.7373	85.9127	2.83574e-11	0.136536	1.77976e-08	85.7762	0.000419824	102	31314
368	368	264.149	222.557	0	2.78362	90.348	3.04484e-11	0.140775	1.94918e-08	90.2072	0.000419824	102	31296
369	1110	221.321	315.691	0	3.83051	235.429	0.00113438	6.22625	0.0417102	229.16	0.000419824	102	13818
370	370	324.733	212.241	0	2.79378	91.3413	3.73283e-11	0.147142	2.31124e-08	91.1942	0.000419824	102	31092
371	1093	299.379	138.997	0	3.8252	234.451	0.00105598	6.12981	0.0392874	228.281	0.000419824	102	13890
372	372	259.154	224.491	0	3.01497	114.799	9.11168e-09	0.47254	2.20231e-06	114.326	0.000419824	102	25512
373	373	383.066	405.664	0	3.09313	123.96	1.09253e-08	0.504964	2.66844e-06	123.455	0.000419824	102	25404
374	966	150.921	320.2	0	3.43797	170.213	3.61305e-06	1.78133	0.000341292	168.431	0.000419824	102	19590
375	744	295.569	382.573	0	3.08792	123.336	9.86883e-09	0.49397	2.4518e-06	122.842	0.000419824	102	25506
376	376	236.285	195.857	0	3.08543	123.037	9.46329e-09	0.489477	2.36694e-06	122.547	0.000419824	102	25548
377	735	285.973	409.143	0	2.75508	87.5977	3.15097e-11	0.140323	1.96194e-08	87.4573	0.000419824	102	31230
378	378	379.821	189.887	0	2.78362	90.348	3.04484e-11	0.140775	1.94918e-08	90.2072	0.000419824	102	31296
379	866	405.644	214.084	0	3.08699	123.223	9.69318e-09	0.49205	2.41539e-06	122.731	0.000419824	102	25524
380	555	269.085	438.825	0	2.78571	90.5516	3.17526e-11	0.142063	2.01877e-08	90.4095	0.000419824	102	31254
381	733	372.781	297.331	0	2.76146	88.2073	3.16864e-11	0.140951	1.97783e-08	88.0664	0.000419824	102	31230
382	382	385.01	189.029	0	2.79079	91.048	3.51574e-11	0.14524	2.19828e-08	90.9028	0.000419824	102	31152
383	834	373.845	173.085	0	3.08416	122.886	1.11018e-08	0.506578	2.67935e-06	122.379	0.000419824	102	25374
384	875	126.721	385.667	0	3.08698	123.223	9.69318e-09	0.49205	2.41538e-06	122.731	0.000419824	102	25524
385	385	396.491	409.131	0	2.78631	90.6098	3.21354e-11	0.142433	2.0391e-08	90.4674	0.000419824	102	31242
386	386	388.047	193.195	0	2.79019	90.9895	3.47386e-11	0.144862	2.17635e-08	90.8446	0.000419824	102	31164
387	387	166.472	421.394	0	2.75271	87.3717	2.9523e-11	0.138416	1.85879e-08	87.2333	0.000419824	102	31296
388	1162	126.549	419.346	0	3.81868	233.254	0.000994227	6.04778	0.0373088	227.168	0.000419824	102	13950
389	389	425.18	404.097	0	2.7887	90.8432	3.37133e-11	0.143923	2.1225e-08	90.6993	0.000419824	102	31194
390	390	393.134	192.936	0	2.79019	90.9892	3.51515e-11	0.145219	2.1968e-08	90.844	0.000419824	102	31152
391	391	162.372	397.058	0	3.09133	123.744	1.04781e-08	0.500442	2.57789e-06	123.243	0.000419824	102	25446
392	392	187.685	187.718	0	2.7878	90.7557	3.31127e-11	0.143363	2.09083e-08	90.6123	0.000419824	102	31212
393	1159	241.004	229.789	0	4.31061	335.51	0.305065	21.1485	4.46144	309.595	0.000419824	102	8178
394	750	292.693	260.6	0	3.095	124.185	1.11916e-08	0.507654	2.7239e-06	123.678	0.000419824	102	25380
395	1058	401.562	406.53	0	3.42812	168.755	3.09252e-06	1.72209	0.000299662	167.032	0.000419824	102	19746
396	624	292.256	439.034	0	2.79199	91.1652	3.60102e-11	0.145998	2.24278e-08	91.0192	0.000419824	102	31128
397	397	428.251	388.8	0	2.78362	90.348	3.04484e-11	0.140775	1.94918e-08	90.2072	0.000419824	102	31296
398	603	268.602	423.776	0	2.79139	91.1066	3.55812e-11	0.145618	2.22042e-08	90.961	0.000419824	102	31140
399	399	134.117	402.738	0	3.06439	120.537	9.26762e-09	0.485136	2.29112e-06	120.052	0.000419824	102	25548
400	400	175.386	221.098	0	2.7875	90.7265	3.29149e-11	0.143176	2.08038e-08	90.5833	0.000419824	102	31218
401	647	120.889	416.409	0	3.09066	123.663	1.03533e-08	0.499141	2.5522e-06	123.164	0.000419824	102	25458
402	402	321.217	216.775	0	3.42927	168.925	3.14854e-06	1.72882	0.000304199	167.196	0.000419824	102	19728
403	403	288.628	413.471	0	2.7887	90.8433	3.37133e-11	0.143923	2.1225e-08	90.6993	0.000419824	102	31194
404	404	295.157	157.945	0	2.78571	90.5516	3.17526e-11	0.142063	2.01877e-08	90.4095	0.000419824	102	31254
405	1088	280.432	401.355	0	3.43339	169.535	3.42258e-06	1.76015	0.000325914	167.774	0.000419824	102	19644
406	1141	212.488	308.495	0	3.81991	233.479	0.000983005	6.03487	0.0370053	227.406	0.000419824	102	13962
407	588	309.381	433.669	0	2.78959	90.931	3.43248e-11	0.144486	2.15465e-08	90.7865	0.000419824	102	31176
408	1017	266.314	407.373	0	3.4255	168.369	2.96567e-06	1.70648	0.000289356	166.662	0.000419824	102	19788
409	1130	325.225	273.954	0	4.32692	339.333	0.353814	21.8476	5.04904	312.083	0.000419824	102	8028
410	410	368.741	174.911	0	2.79049	91.0187	3.49474e-11	0.145051	2.18729e-08	90.8737	0.000419824	102	31158
411	411	282.057	412.235	0	2.7881	90.7848	3.33117e-11	0.143549	2.10134e-08	90.6413	0.000419824	102	31206
412	741	333.265	400.828	0	2.72716	84.9612	3.07461e-11	0.137756	1.89134e-08	84.8235	0.000419824	102	31218
413	710	333.109	235.109	0	2.7797	89.9668	3.05773e-11	0.140752	1.94949e-08	89.8261	0.000419824	102	31290
414	930	211.18	235.983	0	3.09324	123.973	1.09901e-08	0.505591	2.68121e-06	123.468	0.000419824	102	25398
415	578	341.727	267.889	0	2.79109	91.0773	3.53687e-11	0.145429	2.20932e-08	90.9319	0.000419824	102	31146
416	416	256.572	215.475	0	2.79438	91.4001	3.77784e-11	0.147525	2.33452e-08	91.2526	0.000419824	102	31080
417	417	386.319	421.823	0	2.79438	91.3993	3.77783e-11	0.147525	2.3345e-08	91.2518	0.000419824	102	31080
418	418	376.532	182.611	0	3.4255	168.369	2.96567e-06	1.70648	0.000289356	166.662	0.000419824	102	19788
419	419	268.362	418.618	0	2.7875	90.7265	3.29149e-11	0.143176	2.08038e-08	90.5833	0.000419824	102	31218
420	905	150.707	342.284	0	3.42776	168.702	3.07408e-06	1.71985	0.000298173	166.982	0.000419824	102	19752
421	688	333.583	383.31	0	2.78683	90.661	3.25224e-11	0.142803	2.05947e-08	90.5182	0.000419824	102	31230
422	965	372.274	209.284	0	3.04161	117.869	9.60733e-09	0.484403	2.32584e-06	117.384	0.000419824	102	25482
423	423	272.887	421.023	0	2.78601	90.5807	3.19434e-11	0.142248	2.02891e-08	90.4385	0.000419824	102	31248
424	962	375.694	421.302	0	3.02079	115.465	8.81205e-09	0.471427	2.14739e-06	114.994	0.000419824	102	25554
425	808	153.728	402.412	0	3.09032	123.623	1.02915e-08	0.498492	2.53945e-06	123.125	0.000419824	102	25464
426	1211	255.263	304.748	0	6.30942	1052.1	83.3701	72.8748	477.543	418.309	0.000419824	102	2466
427	985	362.2	280.314	0	3.24418	143.023	2.75377e-06	1.55157	0.00025084	141.471	0.000419824	102	19656
428	953	274.999	438.144	0	3.08497	122.982	1.09796e-08	0.505631	2.65693e-06	122.476	0.000419824	102	25386
429	914	240.93	316.388	0	3.05628	119.583	1.05156e-08	0.495331	2.5257e-06	119.088	0.000419824	102	25410
430	430	390.214	188.538	0	2.78332	90.3189	3.02665e-11	0.140592	1.93944e-08	90.1783	0.000419824	102	31302
431	1108	144.101	406.211	0	8.41271	2494	405	135	1465.5	488.5	0	14	17448
432	432	198.416	188.422	0	2.79139	91.1066	3.55812e-11	0.145618	2.22042e-08	90.961	0.000419824	102	31140
433	433	419.736	388.303	0	3.81771	233.075	0.000954105	5.99575	0.0360939	227.042	0.000419824	102	13992
434	434	395.443	188.404	0	2.79348	91.3119	3.71053e-11	0.14695	2.29968e-08	91.165	0.000419824	102	31098
435	1087	497.803	290.579	0	3.42929	168.928	3.22346e-06	1.73725	0.000309917	167.19	0.000419824	102	19704
436	436	190.757	183.397	0	2.78571	90.5516	3.17526e-11	0.142063	2.01877e-08	90.4095	0.000419824	102	31254
437	740	292.061	398.041	0	2.76128	88.1897	3.63532e-11	0.144679	2.21012e-08	88.045	0.000419824	102	31086
438	762	315.282	435.298	0	3.82741	234.858	0.00108797	6.16981	0.0402794	228.647	0.000419824	102	13860
439	439	149.295	420.717	0	3.42927	168.925	3.14854e-06	1.72882	0.000304199	167.196	0.000419824	102	19728
440	440	185.628	182.991	0	2.79229	91.1945	3.62266e-11	0.146188	2.25405e-08	91.0483	0.000419824	102	31122
441	1039	475.431	272.441	0	3.42505	168.301	3.03573e-06	1.71456	0.000294663	166.587	0.000419824	102	19764
442	442	299.824	155.842	0	2.78353	90.3389	3.57544e-11	0.145795	2.20971e-08	90.1931	0.000419824	102	31122
443	936	406.513	196.935	0	3.08745	123.279	1.02208e-08	0.497474	2.52012e-06	122.781	0.000419824	102	25470
444	444	299.13	161.046	0	2.79468	91.4295	3.80054e-11	0.147717	2.34624e-08	91.2818	0.000419824	102	31074
445	653	154.727	331.071	0	3.09133	123.744	1.04781e-08	0.500442	2.57789e-06	123.243	0.000419824	102	25446
446	446	276.036	152.378	0	2.78357	90.3433	3.06288e-11	0.140948	1.95822e-08	90.2023	0.000419824	102	31290
447	447	313.954	441.123	0	2.78481	90.4643	3.11869e-11	0.14151	1.98864e-08	90.3228	0.000419824	102	31272
448	703	188.389	302.202	0	3.09199	123.824	1.06043e-08	0.501745	2.60384e-06	123.322	0.000419824	102	25434
449	449	294.042	413.379	0	3.09066	123.663	1.03533e-08	0.499141	2.5522e-06	123.164	0.000419824	102	25458
450	964	238.175	311.496	0	3.01636	114.958	8.71853e-09	0.469066	2.12591e-06	114.489	0.000419824	102	25560
451	451	326.666	438.114	0	3.43041	169.093	3.20556e-06	1.73558	0.000308799	167.357	0.000419824	102	19710
452	748	386.673	412.715	0	2.59902	73.5393	2.58421e-11	0.122483	1.54747e-08	73.4168	0.000419824	102	31200
453	572	414.163	390.059	0	2.78989	90.9602	3.45311e-11	0.144674	2.16548e-08	90.8155	0.000419824	102	31170
454	454	260.282	219.169	0	2.78422	90.4061	3.08154e-11	0.141142	1.96881e-08	90.2649	0.000419824	102	31284
455	455	378.741	416.914	0	2.79229	91.1945	3.62266e-11	0.146188	2.25405e-08	91.0483	0.000419824	102	31122
456	739	302.559	133.493	0	3.04113	117.813	9.99436e-09	0.487892	2.40103e-06	117.325	0.000419824	102	25440
457	457	276.898	410.754	0	3.095	124.185	1.11916e-08	0.507654	2.7239e-06	123.678	0.000419824	102	25380
458	458	245.007	144.135	0	2.78541	90.5224	3.15629e-11	0.141879	2.00867e-08	90.3805	0.000419824	102	31260
459	986	395.976	196.988	0	2.53104	67.918	4.85681e-09	0.27549	1.19135e-06	67.6425	0.000419824	102	25572
460	460	381.76	180.072	0	2.79498	91.4589	3.82338e-11	0.147909	2.35803e-08	91.311	0.000419824	102	31068
461	623	272.33	442.733	0	2.78392	90.377	3.06314e-11	0.140959	1.95897e-08	90.2361	0.000419824	102	31290
462	574	158.679	427.01	0	2.79259	91.2239	3.64443e-11	0.146378	2.26537e-08	91.0775	0.000419824	102	31116
463	463	395.656	415.373	0	2.78481	90.4643	3.11869e-11	0.14151	1.98864e-08	90.3228	0.000419824	102	31272
464	464	382.218	174.868	0	2.78392	90.377	3.06314e-11	0.140959	1.95897e-08	90.2361	0.000419824	102	31290
465	465	169.654	417.398	0	2.79109	91.0773	3.53687e-11	0.145429	2.20932e-08	90.9319	0.000419824	102	31146
466	466	192.011	174.515	0	2.61682	75.06	2.5093e-11	0.123353	1.5229e-08	74.9366	0.000419824	102	31266
467	467	405.179	416.471	0	2.7875	90.7265	3.29149e-11	0.143176	2.08038e-08	90.5833	0.000419824	102	31218
468	468	391.172	179.294	0	2.79229	91.1945	3.62266e-11	0.146188	2.25405e-08	91.0483	0.000419824	102	31122
469	469	164.606	427.245	0	3.81683	232.914	0.000942785	5.98017	0.0357357	226.897	0.000419824	102	14004
470	992	270.417	149.782	0	3.83228	235.756	0.00116178	6.25873	0.0425505	229.453	0.000419824	102	13794
471	471	426.962	398.935	0	2.7872	90.6973	3.27183e-11	0.14299	2.06998e-08	90.5543	0.000419824	102	31224
472	644	210.003	219.348	0	2.789	90.8725	3.39159e-11	0.144111	2.13317e-08	90.7283	0.000419824	102	31188
473	473	160.043	431.822	0	2.7887	90.8433	3.37133e-11	0.143923	2.1225e-08	90.6993	0.000419824	102	31194
474	474	195.971	183.821	0	2.78481	90.4643	3.11869e-11	0.14151	1.98864e-08	90.3228	0.000419824	102	31272
475	1170	303.096	144.93	0	3.65572	204.647	0.000878417	5.56707	0.0313766	199.048	0.000419824	102	13920
476	476	392.779	184.097	0	2.78392	90.377	3.06314e-11	0.140959	1.95897e-08	90.2361	0.000419824	102	31290
477	477	154.056	424.514	0	3.08966	123.543	1.01689e-08	0.497197	2.51413e-06	123.046	0.000419824	102	25476
478	618	372.608	178.366	0	2.78661	90.639	3.23285e-11	0.142619	2.04934e-08	90.4964	0.000419824	102	31236
479	479	309.853	444.115	0	2.78601	90.5807	3.19434e-11	0.142248	2.02891e-08	90.4385	0.000419824	102	31248
480	480	302.756	151.212	0	3.09366	124.025	1.09267e-08	0.505019	2.66988e-06	123.52	0.000419824	102	25404
481	481	284.909	423.855	0	2.79063	91.0325	3.62051e-11	0.146115	2.24982e-08	90.8864	0.000419824	102	31122
482	482	275.802	135.081	0	2.79408	91.3707	3.75527e-11	0.147333	2.32285e-08	91.2234	0.000419824	102	31086
483	483	309.553	438.801	0	2.78422	90.4061	3.08154e-11	0.141142	1.96881e-08	90.265	0.000419824	102	31284
484	581	357.456	163.584	0	2.78989	90.9602	3.45311e-11	0.144674	2.16548e-08	90.8155	0.000419824	102	31170
485	1163	233.346	288.64	0	4.3135	336.184	0.327091	21.4581	4.71587	309.683	0.000419824	102	8106
486	486	266.996	154.852	0	2.79199	91.1652	3.60102e-11	0.145998	2.24278e-08	91.0192	0.000419824	102	31128
487	551	268.392	454.301	0	2.77018	89.0459	3.19131e-11	0.141757	1.99949e-08	88.9041	0.000419824	102	31230
488	488	359.025	172.369	0	2.79316	91.28	3.68836e-11	0.146759	2.28813e-08	91.1333	0.000419824	102	31104
489	489	278.54	415.936	0	2.78392	90.377	3.06314e-11	0.140959	1.95897e-08	90.2361	0.000419824	102	31290
490	490	272.08	155.659	0	2.78392	90.377	3.06314e-11	0.140959	1.95897e-08	90.2361	0.000419824	102	31290
491	513	310.183	449.606	0	3.08999	123.583	1.023e-08	0.497844	2.52676e-06	123.085	0.000419824	102	25470
492	492	369.531	169.821	0	2.78511	90.4934	3.13744e-11	0.141694	1.99863e-08	90.3517	0.000419824	102	31266
493	871	163.22	382.433	0	3.08765	123.303	9.80999e-09	0.493332	2.4397e-06	122.81	0.000419824	102	25512
494	1052	374.341	290.904	0	4.29973	332.975	0.294544	21.0171	4.30322	307.36	0.000419824	102	8202
495	719	368.654	205.297	0	2.79303	91.2674	3.8206e-11	0.147819	2.3528e-08	91.1195	0.000419824	102	31068
496	496	377.576	177.008	0	2.7931	91.2741	3.68831e-11	0.146757	2.28797e-08	91.1274	0.000419824	102	31104
497	497	272.977	415.333	0	3.31991	153.273	2.83994e-06	1.62564	0.000264663	151.647	0.000419824	102	19722
498	874	333.094	282.172	0	3.08999	123.583	1.023e-08	0.497844	2.52675e-06	123.085	0.000419824	102	25470
499	1127	299.969	450.277	0	3.82035	233.56	0.000988889	6.04273	0.0371903	227.479	0.000419824	102	13956
500	500	386.329	177.852	0	2.79259	91.2239	3.64443e-11	0.146378	2.26537e-08	91.0775	0.000419824	102	31116
501	737	318.227	254.428	0	2.72738	84.982	2.8077e-11	0.135462	1.75688e-08	84.8465	0.000419824	102	31314
502	841	249.505	146.98	0	3.09233	123.864	1.0668e-08	0.502398	2.61692e-06	123.362	0.000419824	102	25428
503	672	305.235	441.63	0	2.78301	90.2887	3.00856e-11	0.14041	1.92972e-08	90.1483	0.000419824	102	31308
504	608	160.877	387.295	0	2.79378	91.3413	3.73283e-11	0.147142	2.31124e-08	91.1942	0.000419824	102	31092
505	511	300.717	444.226	0	2.79049	91.0187	3.49474e-11	0.145051	2.18729e-08	90.8737	0.000419824	102	31158
506	764	164.32	416.354	0	3.08599	123.104	9.52056e-09	0.490133	2.37937e-06	122.614	0.000419824	102	25542
507	1156	326.39	281.641	0	3.82897	235.145	0.00111421	6.20183	0.0410836	228.901	0.000419824	102	13836
508	771	332.771	405.932	0	2.83377	95.3197	7.80652e-09	0.40793	1.81453e-06	94.9117	0.000419824	102	25422
509	772	409.369	376.691	0	3.09567	124.266	1.13265e-08	0.508977	2.75133e-06	123.757	0.000419824	102	25368
510	776	433.335	387.009	0	3.08022	122.414	1.12667e-08	0.507242	2.7051e-06	121.907	0.000419824	102	25356
511	781	401.573	369.898	0	3.431	169.18	3.26324e-06	1.7422	0.000313313	167.438	0.000419824	102	19692
512	782	193.895	308.976	0	2.93096	105.468	8.19217e-09	0.441133	1.94851e-06	105.027	0.000419824	102	25512
513	784	313.149	256.222	0	3.09366	124.025	1.09267e-08	0.505019	2.66988e-06	123.52	0.000419824	102	25404
514	950	438.455	384.619	0	3.07354	121.62	9.27221e-09	0.487029	2.3039e-06	121.133	0.000419824	102	25554
515	1085	133.238	420.464	0	3.43323	169.511	3.40241e-06	1.75796	0.000324354	167.752	0.000419824	102	19650
516	790	474.004	262.493	0	3.09066	123.663	1.03533e-08	0.499141	2.5522e-06	123.164	0.000419824	102	25458
517	1198	371.372	280.921	0	6.52074	1161.4	100.722	76.066	560.41	424.197	0.000419824	102	2274
518	792	462.565	263.873	0	3.4338	169.596	3.38291e-06	1.75602	0.00032302	167.84	0.000419824	102	19656
519	793	400.123	418.643	0	3.09834	124.587	1.18824e-08	0.514301	2.86378e-06	124.073	0.000419824	102	25320
520	884	273.734	427.201	0	3.8283	235.021	0.00110103	6.18589	0.0406831	228.793	0.000419824	102	13848
521	852	216.112	232.435	0	3.42701	168.591	3.03751e-06	1.71538	0.000295205	166.875	0.000419824	102	19764
522	1032	170.719	224.204	0	3.43683	170.045	3.54877e-06	1.77439	0.000336208	168.27	0.000419824	102	19608
523	935	276.344	140.494	0	3.09783	124.527	1.20214e-08	0.515491	2.88915e-06	124.011	0.000419824	102	25308
524	1066	200.841	236.429	0	3.42774	168.699	3.11052e-06	1.72407	0.000300955	166.974	0.000419824	102	19740
525	951	153.369	325.546	0	3.04718	118.517	1.04473e-08	0.492765	2.49983e-06	118.025	0.000419824	102	25410
526	805	139.142	420.978	0	2.99575	112.617	1.00367e-08	0.476735	2.35858e-06	112.14	0.000419824	102	25380
527	1054	381.532	291.46	0	3.43813	170.238	3.65606e-06	1.78578	0.000344537	168.452	0.000419824	102	19578
528	809	265.9	145.253	0	3.08832	123.383	9.92821e-09	0.494617	2.46427e-06	122.889	0.000419824	102	25500
529	1128	237.482	329.12	0	3.55786	188.65	0.000713213	5.07607	0.025764	183.547	0.000419824	102	14022
530	812	469.136	273.06	0	3.42663	168.535	3.01939e-06	1.71315	0.000293731	166.822	0.000419824	102	19770
531	1133	137.463	397.289	0	3.82167	233.802	0.00100675	6.06635	0.0377509	227.697	0.000419824	102	13938
532	814	301.175	456.441	0	3.08836	123.388	9.98724e-09	0.495235	2.47592e-06	122.893	0.000419824	102	25494
533	973	381.171	272.221	0	2.97145	109.899	8.35346e-09	0.453887	2.01229e-06	109.446	0.000419824	102	25548
534	816	126.821	391.34	0	3.09901	124.669	1.20256e-08	0.515641	2.89263e-06	124.153	0.000419824	102	25308
535	1092	180.935	320.088	0	3.42782	168.71	3.29758e-06	1.74461	0.000315281	166.965	0.000419824	102	19680
536	1082	320.333	441.002	0	4.30804	334.91	0.297913	21.0388	4.37397	309.199	0.000419824	102	8202
537	819	248.405	228.496	0	3.82432	234.289	0.00104346	6.11389	0.0388975	228.135	0.000419824	102	13902
538	1061	156.48	397.206	0	3.43037	169.088	3.20555e-06	1.73558	0.000308791	167.352	0.000419824	102	19710
539	822	391.781	411.578	0	3.09058	123.654	1.09143e-08	0.504544	2.66136e-06	123.15	0.000419824	102	25404
540	1173	306.914	138.679	0	4.3197	337.636	0.331473	21.5372	4.78154	310.986	0.000419824	102	8094
541	827	209.488	313.97	0	3.08732	123.263	9.75141e-09	0.49269	2.42752e-06	122.771	0.000419824	102	25518
542	830	289.671	388.876	0	3.08595	123.099	9.52051e-09	0.490131	2.37927e-06	122.609	0.000419824	102	25542
543	835	193.368	223.272	0	3.08695	123.219	9.69313e-09	0.492047	2.41529e-06	122.727	0.000419824	102	25524
544	1144	155.59	408.462	0	3.83007	235.347	0.00112763	6.21816	0.0415027	229.086	0.000419824	102	13824
545	844	188.462	178.409	0	3.09299	123.944	1.07966e-08	0.503707	2.64326e-06	123.441	0.000419824	102	25416
546	845	271.312	143.382	0	3.08866	123.423	9.98785e-09	0.495261	2.47664e-06	122.928	0.000419824	102	25494
547	1104	292.922	137.811	0	3.35253	157.836	3.34153e-06	1.70072	0.000306469	156.135	0.000419824	102	19590
548	931	163.926	305.309	0	3.42776	168.702	3.07408e-06	1.71985	0.000298173	166.982	0.000419824	102	19752
549	849	304.099	261.35	0	3.08966	123.543	1.01689e-08	0.497197	2.51413e-06	123.046	0.000419824	102	25476
550	850	317.632	259.77	0	3.09233	123.864	1.0668e-08	0.502398	2.61692e-06	123.361	0.000419824	102	25428
551	851	381.098	411.566	0	3.42927	168.925	3.14854e-06	1.72882	0.000304199	167.196	0.000419824	102	19728
552	957	430.695	394.108	0	3.42776	168.702	3.07408e-06	1.71985	0.000298173	166.982	0.000419824	102	19752
553	1129	280.998	428.447	0	3.81897	233.307	0.000971335	6.01916	0.0366363	227.25	0.000419824	102	13974
554	1190	157.025	372.41	0	4.31657	336.903	0.32367	21.4239	4.68588	310.469	0.000419824	102	8118
555	862	154.489	430.308	0	3.09433	124.105	1.10584e-08	0.506335	2.69675e-06	123.599	0.000419824	102	25392
556	863	206.222	239.216	0	3.08665	123.183	9.6353e-09	0.49141	2.40332e-06	122.692	0.000419824	102	25530
557	900	196.714	205.893	0	3.43532	169.82	3.46485e-06	1.76518	0.000329548	168.055	0.000419824	102	19632
558	1131	133.239	409.075	0	3.81639	232.833	0.000937175	5.97239	0.0355579	226.825	0.000419824	102	14010
559	885	284.916	155.588	0	3.09365	124.023	1.09267e-08	0.505019	2.66984e-06	123.518	0.000419824	102	25404
560	888	185.784	316.257	0	3.09666	124.385	1.15318e-08	0.510966	2.79294e-06	123.874	0.000419824	102	25350
561	889	204.324	250.336	0	3.08729	123.259	9.75137e-09	0.492688	2.42743e-06	122.767	0.000419824	102	25518
562	890	299.74	386.073	0	2.78281	90.2691	6.21178e-09	0.376359	1.48222e-06	89.8928	0.000419824	102	25590
563	942	331.891	261.406	0	3.01435	114.729	9.37988e-09	0.475273	2.25267e-06	114.253	0.000419824	102	25482
564	1105	359.109	275.463	0	3.15887	132.033	2.31739e-06	1.42214	0.000212623	130.611	0.000419824	102	19734
565	969	305.701	452.899	0	2.98573	111.491	8.336e-09	0.457893	2.01939e-06	111.033	0.000419824	102	25566
566	934	234.732	227.274	0	2.99763	112.829	9.19171e-09	0.469859	2.1959e-06	112.359	0.000419824	102	25476
567	908	375.995	213.474	0	3.0269	116.168	9.05943e-09	0.475292	2.20302e-06	115.692	0.000419824	102	25530
568	984	161.933	310.831	0	2.9265	104.987	8.83985e-09	0.447068	2.06504e-06	104.54	0.000419824	102	25416
569	910	378.406	296.898	0	3.42965	168.981	3.16743e-06	1.73107	0.000305725	167.25	0.000419824	102	19722
570	952	251.192	216.65	0	3.06986	121.183	9.63186e-09	0.489959	2.37032e-06	120.693	0.000419824	102	25512
571	1184	144.54	390.592	0	6.36021	1077.71	87.0175	73.6321	496.247	420.816	0.000419824	102	2424
572	913	348.764	160.427	0	3.09752	124.49	1.17406e-08	0.512953	2.83483e-06	123.977	0.000419824	102	25332
573	981	206.354	245.128	0	2.96487	109.17	9.30697e-09	0.462118	2.18722e-06	108.708	0.000419824	102	25416
574	918	249.707	222.244	0	3.09051	123.646	1.04143e-08	0.499743	2.56378e-06	123.146	0.000419824	102	25452
575	1019	341.086	262.273	0	3.43304	169.483	3.34267e-06	1.75146	0.000319801	167.731	0.000419824	102	19668
576	920	308.416	388.968	0	3.09737	124.471	1.17402e-08	0.512937	2.8344e-06	123.958	0.000419824	102	25332
577	921	182.918	336.314	0	3.44062	170.607	3.76758e-06	1.79763	0.000353454	168.809	0.000419824	102	19548
578	1200	272.27	449.079	0	4.22092	315	0.271084	20.192	3.89804	290.639	0.000419824	102	8232
579	1096	140.228	334.819	0	3.43011	169.049	3.69726e-06	1.79093	0.000344954	167.257	0.000419824	102	19554
580	948	315.636	446.792	0	3.81642	232.84	0.000953801	5.99422	0.0360544	226.809	0.000419824	102	13992
581	926	321.746	434.405	0	3.09591	124.295	1.14619e-08	0.51026	2.77783e-06	123.785	0.000419824	102	25356
582	928	398.032	201.781	0	3.09579	124.28	1.14615e-08	0.510244	2.77748e-06	123.77	0.000419824	102	25356
583	929	267.403	413.293	0	3.0843	122.902	9.45983e-09	0.489328	2.3642e-06	122.413	0.000419824	102	25548
584	933	331.805	441.681	0	3.4255	168.369	2.96567e-06	1.70648	0.000289356	166.662	0.000419824	102	19788
585	937	301.169	380.527	0	3.39342	163.683	3.05699e-06	1.70188	0.000290672	161.981	0.000419824	102	19728
586	938	221.068	236.039	0	3.0919	123.812	1.09846e-08	0.505379	2.67749e-06	123.307	0.000419824	102	25398
587	993	335.482	251.571	0	3.42778	168.705	3.14723e-06	1.72823	0.000303777	166.976	0.000419824	102	19728
588	1046	289.068	132.572	0	3.82565	234.533	0.0010623	6.13779	0.0394839	228.354	0.000419824	102	13884
589	1069	169.931	325.393	0	3.42978	169.001	3.18631e-06	1.73327	0.00030719	167.267	0.000419824	102	19716
590	1206	222.811	283.773	0	8.41271	2494	405	135	1465.5	488.5	0	14	7398
591	1106	154.855	419.233	0	2.87032	99.0562	1.61135e-06	1.0386	0.000151921	98.0174	0.000419824	102	19794
592	1155	326.278	451.054	0	3.8189	233.294	0.000971323	6.0191	0.0366341	227.237	0.000419824	102	13974
593	1040	211.484	225.007	0	3.44024	170.551	3.7451e-06	1.79529	0.000351691	168.755	0.000419824	102	19554
594	1024	143.867	417.273	0	3.43494	169.764	3.44418e-06	1.76289	0.000327904	168.001	0.000419824	102	19638
595	1117	369.943	423.945	0	3.82608	234.612	0.00106866	6.14578	0.0396809	228.426	0.000419824	102	13878
596	1026	398.478	375.436	0	3.4391	170.382	3.67848e-06	1.7883	0.000346452	168.593	0.000419824	102	19572
597	1120	407.644	410.322	0	4.30292	333.718	0.284108	20.8209	4.20414	308.409	0.000419824	102	8250
598	1169	291.162	419.049	0	3.7828	226.741	0.00106011	6.07141	0.0384858	220.63	0.000419824	102	13854
599	1072	410.311	217.885	0	3.43023	169.067	3.20547e-06	1.73554	0.000308751	167.331	0.000419824	102	19710
600	1160	319.013	453.398	0	4.30868	335.06	0.299685	21.0661	4.39568	309.298	0.000419824	102	8196
601	1112	344.406	253.822	0	6.33553	1065.21	85.0043	73.2499	486.682	420.278	0.000419824	102	2448
602	1113	328.617	397.078	0	3.82256	233.964	0.00101884	6.08216	0.0381293	227.843	0.000419824	102	13926
603	1115	228.738	305.014	0	3.83007	235.347	0.00112763	6.21816	0.0415027	229.086	0.000419824	102	13824
604	1158	312.857	428.666	0	3.81579	232.724	0.000937058	5.9718	0.03554	226.716	0.000419824	102	14010
