	ID	x	y	z	radius	volume_total	volume_nuclear_fluid	volume_nuclear_solid	volume_cytoplasmic_fluid	volume_cytoplasmic_solid	volume_calcified_fraction	phenotype	elapsed_time
0	0	301.817	287.767	0	2.93489	105.892	5.83928e-10	0.26733	2.3049e-07	105.625	0.000419824	102	28338
1	1858	318.71	220.01	0	8.4127	2493.99	405	135	1465.5	488.499	0	14	2730
2	767	405.232	184.029	0	2.93584	105.995	5.94518e-10	0.268375	2.3398e-07	105.726	0.000419824	102	28320
3	685	112.257	336.08	0	2.93956	106.399	6.38825e-10	0.272595	2.48462e-07	106.126	0.000419824	102	28248
4	849	254.908	320.202	0	2.93714	106.136	6.3824e-10	0.272388	2.47809e-07	105.864	0.000419824	102	28248
5	736	383.598	403.573	0	2.95484	108.066	8.51668e-10	0.290161	3.1603e-07	107.776	0.000419824	102	27960
6	790	357.715	390.25	0	2.93709	106.131	6.08936e-10	0.269775	2.38716e-07	105.861	0.000419824	102	28296
7	1693	226.207	187.926	0	8.21836	2325.11	381.683	130.834	1349.29	463.306	0	14	498
8	1801	186.269	263.698	0	8.41271	2494	405	135	1465.5	488.5	0	14	3516
9	574	310.106	273.936	0	2.95357	107.927	8.31502e-10	0.288655	3.0976e-07	107.638	0.000419824	102	27984
10	10	236.248	303.914	0	2.93048	105.415	5.3695e-10	0.262505	2.14877e-07	105.153	0.000419824	102	28422
11	11	396.138	336.675	0	2.94944	107.475	7.69203e-10	0.283815	2.90228e-07	107.191	0.000419824	102	28062
12	541	330.974	474.653	0	2.93174	105.551	5.49973e-10	0.263875	2.19227e-07	105.287	0.000419824	102	28398
13	695	157.764	438.547	0	2.94058	106.509	6.50416e-10	0.273663	2.52242e-07	106.235	0.000419824	102	28230
14	822	465.673	304.771	0	2.93765	106.191	6.16268e-10	0.270475	2.411e-07	105.921	0.000419824	102	28284
15	631	217.72	296.697	0	2.93678	106.097	6.05299e-10	0.269425	2.37524e-07	105.828	0.000419824	102	28302
16	16	212.379	297.359	0	2.95071	107.614	7.87858e-10	0.285296	2.96103e-07	107.329	0.000419824	102	28038
17	829	225.037	451.47	0	2.94174	106.635	6.66179e-10	0.275087	2.57321e-07	106.36	0.000419824	102	28206
18	18	130.568	287.159	0	2.93314	105.703	5.66677e-10	0.265589	2.24747e-07	105.437	0.000419824	102	28368
19	1575	199.261	265.872	0	6.61379	1211.82	194.285	80.6309	663.304	273.604	0	14	54
20	20	191.892	336.712	0	2.93016	105.381	5.33743e-10	0.262164	2.13803e-07	105.119	0.000419824	102	28428
21	21	444.291	334.584	0	2.94216	106.681	6.70194e-10	0.275449	2.5864e-07	106.405	0.000419824	102	28200
22	719	154.254	369.854	0	2.93963	106.406	6.38831e-10	0.272597	2.48479e-07	106.133	0.000419824	102	28248
23	834	142.924	198.04	0	2.93468	105.87	5.87359e-10	0.267647	2.3152e-07	105.602	0.000419824	102	28332
24	24	88.0695	311.557	0	2.93016	105.381	5.33743e-10	0.262164	2.13803e-07	105.119	0.000419824	102	28428
25	1434	108.417	230.001	0	8.41271	2494	405	135	1465.5	488.5	0	14	5580
26	26	304.886	283.346	0	2.93426	105.824	5.76973e-10	0.266635	2.28192e-07	105.557	0.000419824	102	28350
27	1962	394.373	400.421	0	8.40944	2491.09	404.739	134.968	1463.36	488.024	0	14	1368
28	28	296.25	286.544	0	2.93331	105.722	5.66696e-10	0.265597	2.24788e-07	105.456	0.000419824	102	28368
29	1998	334.487	110.692	0	8.37935	2464.45	401.658	134.48	1444.43	483.885	0	14	870
30	30	312.456	288.791	0	2.93016	105.381	5.33743e-10	0.262164	2.13803e-07	105.119	0.000419824	102	28428
31	31	260.292	319.963	0	2.93111	105.483	5.43423e-10	0.263189	2.17041e-07	105.22	0.000419824	102	28410
32	759	235.678	133.148	0	2.93237	105.619	5.56602e-10	0.264562	2.21435e-07	105.355	0.000419824	102	28386
33	33	356.665	278.549	0	2.93394	105.79	5.73527e-10	0.266289	2.27052e-07	105.524	0.000419824	102	28356
34	762	449.227	237.446	0	2.94374	106.853	6.90572e-10	0.277246	2.65201e-07	106.576	0.000419824	102	28170
35	709	336.26	464.967	0	2.94152	106.612	6.62212e-10	0.274733	2.56062e-07	106.337	0.000419824	102	28212
36	36	247.685	274.483	0	2.94121	106.578	6.58256e-10	0.274376	2.54782e-07	106.303	0.000419824	102	28218
37	676	389.394	179.577	0	2.93071	105.441	5.4017e-10	0.262844	2.15939e-07	105.178	0.000419824	102	28416
38	1995	196.831	252.235	0	8.38291	2467.59	402.049	134.545	1446.63	484.363	0	14	894
39	825	149.113	443.818	0	2.94013	106.46	6.50349e-10	0.273639	2.52124e-07	106.187	0.000419824	102	28230
40	1908	-nan	-nan	0	7.90756	2071.18	340.18	122.385	1182.39	426.22	0	14	300
41	795	196.465	370.893	0	2.92724	105.067	5.45723e-10	0.263148	2.17131e-07	104.803	0.000419824	102	28404
42	798	260.08	145.886	0	2.93804	106.233	6.19979e-10	0.27083	2.4233e-07	105.963	0.000419824	102	28278
43	535	209.52	454.656	0	2.93394	105.79	5.73527e-10	0.266289	2.27052e-07	105.524	0.000419824	102	28356
44	731	79.6575	348.121	0	8.41271	2494	405	135	1465.5	488.5	0	14	7944
45	45	448.873	342.555	0	2.88204	100.275	5.03072e-10	0.254931	1.97182e-07	100.02	0.000419824	102	28434
46	754	220.211	205.657	0	8.41271	2494	405	135	1465.5	488.5	0	14	7920
47	47	231.317	254.96	0	2.94976	107.51	7.73825e-10	0.284184	2.91686e-07	107.226	0.000419824	102	28056
48	48	189.884	199.738	0	2.93931	106.372	6.35016e-10	0.272243	2.47237e-07	106.099	0.000419824	102	28254
49	549	344.884	468.399	0	2.94152	106.612	6.62212e-10	0.274733	2.56062e-07	106.337	0.000419824	102	28212
50	1879	322.717	134.45	0	8.41269	2493.99	404.999	135	1465.49	488.498	0	14	2526
51	51	217.834	325.338	0	2.94944	107.475	7.69203e-10	0.283815	2.90228e-07	107.191	0.000419824	102	28062
52	1921	415.452	312.308	0	8.41248	2493.79	404.985	134.999	1465.34	488.465	0	14	1938
53	53	449.436	332.115	0	2.94437	106.922	6.98896e-10	0.277969	2.67872e-07	106.644	0.000419824	102	28158
54	54	434.403	343.901	0	2.94089	106.543	6.54325e-10	0.27402	2.53509e-07	106.269	0.000419824	102	28224
55	55	206.471	300.132	0	2.93237	105.619	5.56602e-10	0.264562	2.21435e-07	105.355	0.000419824	102	28386
56	803	370.55	409.842	0	2.95071	107.614	7.87857e-10	0.285295	2.96102e-07	107.328	0.000419824	102	28038
57	945	251.686	152.179	0	8.25826	2359.14	386.863	131.815	1372.2	468.265	0	14	546
58	1786	142.571	359.001	0	8.41271	2494	405	135	1465.5	488.5	0	14	3720
59	1714	260.09	135.954	0	7.56839	1815.93	295.779	111.935	1021.44	386.771	0	14	192
60	769	350.717	330.926	0	2.94279	106.75	6.78272e-10	0.276167	2.61245e-07	106.473	0.000419824	102	28188
61	850	480.044	226.48	0	8.4127	2493.99	405	135	1465.5	488.499	0	14	2694
62	529	348.49	472.485	0	2.94089	106.543	6.54325e-10	0.27402	2.53509e-07	106.269	0.000419824	102	28224
63	63	172.129	324.542	0	2.94849	107.371	7.55502e-10	0.282709	2.85899e-07	107.089	0.000419824	102	28080
64	880	299.182	175.958	0	2.89061	101.171	6.78179e-10	0.270939	2.52313e-07	100.9	0.000419824	102	28128
65	679	160.57	177.896	0	2.93205	105.585	5.53278e-10	0.264218	2.20328e-07	105.321	0.000419824	102	28392
66	1529	228.163	218.866	0	8.41271	2494	405	135	1465.5	488.5	0	14	5868
67	67	107.733	338.497	0	2.94121	106.578	6.58256e-10	0.274376	2.54782e-07	106.303	0.000419824	102	28218
68	802	149.164	367.551	0	2.93392	105.788	5.73526e-10	0.266288	2.27047e-07	105.521	0.000419824	102	28356
69	1814	427.315	403.491	0	5.15825	574.906	57.8568	107.829	155.341	253.879	0	100	42
70	1583	378.935	202.116	0	8.41271	2494	405	135	1465.5	488.5	0	14	3414
71	958	160.763	205.902	0	8.41268	2493.98	404.998	135	1465.48	488.496	0	14	2406
72	839	220.585	195.805	0	2.93132	105.507	5.59702e-10	0.264809	2.22222e-07	105.242	0.000419824	102	28380
73	73	318.152	297.16	0	2.93268	105.653	5.59947e-10	0.264907	2.22547e-07	105.389	0.000419824	102	28380
74	1770	474.256	252.947	0	8.41271	2494	405	135	1465.5	488.5	0	14	4008
75	1997	415.026	297.509	0	8.36707	2453.63	400.475	134.302	1436.67	482.18	0	14	888
76	76	307.345	278.715	0	2.94311	106.784	6.82348e-10	0.276526	2.62557e-07	106.508	0.000419824	102	28182
77	77	257.451	315.401	0	2.94374	106.853	6.90572e-10	0.277246	2.65201e-07	106.576	0.000419824	102	28170
78	78	251.302	270.522	0	2.94659	107.164	7.28828e-10	0.280511	2.77433e-07	106.883	0.000419824	102	28116
79	765	338.239	202.066	0	2.93805	106.234	6.19979e-10	0.27083	2.42332e-07	105.963	0.000419824	102	28278
80	648	143.3	321.332	0	2.93931	106.372	6.35016e-10	0.272243	2.47237e-07	106.099	0.000419824	102	28254
81	81	246.234	303.028	0	2.92771	105.117	5.55478e-10	0.264122	2.20301e-07	104.853	0.000419824	102	28386
82	1112	171.121	264.79	0	8.41271	2494	405	135	1465.5	488.5	0	14	4032
83	83	336.217	309.623	0	8.41088	2492.38	404.862	134.984	1464.3	488.232	0	14	1494
84	545	339.485	469.312	0	2.95516	108.101	8.56785e-10	0.290539	3.17617e-07	107.811	0.000419824	102	27954
85	85	318.427	302.53	0	2.93394	105.79	5.73527e-10	0.266289	2.27052e-07	105.524	0.000419824	102	28356
86	1286	407.874	375.372	0	8.4126	2493.9	404.993	134.999	1465.42	488.483	0	14	2100
87	778	252.105	315.466	0	2.93489	105.892	5.83928e-10	0.26733	2.3049e-07	105.625	0.000419824	102	28338
88	88	377.309	297.848	0	2.93521	105.926	5.87437e-10	0.267678	2.31648e-07	105.659	0.000419824	102	28332
89	89	268.759	302.108	0	2.93062	105.431	5.40159e-10	0.262839	2.15918e-07	105.168	0.000419824	102	28416
90	1773	221.513	231.91	0	8.41271	2494	405	135	1465.5	488.5	0	14	3990
91	91	389.413	342.663	0	2.94786	107.302	7.46504e-10	0.281975	2.83049e-07	107.02	0.000419824	102	28092
92	92	384.63	289.108	0	2.93836	106.269	6.23705e-10	0.271183	2.43549e-07	105.997	0.000419824	102	28272
93	804	414.093	404.116	0	2.9355	105.958	5.90965e-10	0.268026	2.32806e-07	105.69	0.000419824	102	28326
94	763	241.68	426.175	0	2.94058	106.509	6.50416e-10	0.273663	2.52242e-07	106.235	0.000419824	102	28230
95	95	394.509	356.019	0	2.93394	105.79	5.73527e-10	0.266289	2.27052e-07	105.524	0.000419824	102	28356
96	701	316.752	292.117	0	2.94184	106.646	6.66191e-10	0.275091	2.57348e-07	106.371	0.000419824	102	28206
97	877	307.647	118.309	0	2.49203	64.8259	2.70257e-10	0.17514	9.96643e-08	64.6508	0.000419824	102	28494
98	1989	118.169	303.769	0	8.38891	2472.89	402.698	134.652	1450.36	485.177	0	14	942
99	99	438.377	339.929	0	2.93174	105.551	5.49973e-10	0.263875	2.19227e-07	105.287	0.000419824	102	28398
100	819	298.016	109.129	0	2.94624	107.125	7.24471e-10	0.280146	2.76036e-07	106.845	0.000419824	102	28122
101	1510	289.159	255.685	0	8.38269	2467.39	402.034	134.544	1446.48	484.331	0	14	894
102	603	164.755	353.499	0	2.94691	107.198	7.33207e-10	0.280877	2.78826e-07	106.917	0.000419824	102	28110
103	1701	386.696	300.691	0	8.41271	2494	405	135	1465.5	488.5	0	14	4386
104	104	453.761	334.814	0	2.93016	105.381	5.33743e-10	0.262164	2.13803e-07	105.119	0.000419824	102	28428
105	105	216.212	320.263	0	2.95039	107.579	7.83152e-10	0.284925	2.94624e-07	107.294	0.000419824	102	28044
106	106	119.39	278.017	0	2.933	105.688	5.63311e-10	0.265251	2.23665e-07	105.422	0.000419824	102	28374
107	107	438.823	334.236	0	2.93363	105.756	5.70101e-10	0.265942	2.25917e-07	105.49	0.000419824	102	28362
108	651	317.585	469.446	0	2.94469	106.956	7.03096e-10	0.278331	2.69217e-07	106.678	0.000419824	102	28152
109	109	176.856	347.171	0	2.93689	106.108	6.23402e-10	0.271072	2.43162e-07	105.837	0.000419824	102	28272
110	1949	138.761	238.314	0	8.41074	2492.24	404.852	134.983	1464.2	488.21	0	14	1494
111	1391	154.493	452.974	0	8.41049	2492.03	404.829	134.98	1464.04	488.176	0	14	1452
112	828	346.687	463.332	0	2.94207	106.672	6.70185e-10	0.275446	2.58618e-07	106.396	0.000419824	102	28200
113	764	322.386	239.639	0	2.93538	105.945	5.97961e-10	0.268675	2.34961e-07	105.676	0.000419824	102	28314
114	791	414.465	383.912	0	2.95389	107.962	8.36498e-10	0.289031	3.11315e-07	107.673	0.000419824	102	27978
115	115	448.839	337.334	0	2.93521	105.926	5.87437e-10	0.267678	2.31648e-07	105.659	0.000419824	102	28332
116	613	305.614	264.413	0	2.94238	106.705	6.82211e-10	0.276479	2.62355e-07	106.429	0.000419824	102	28182
117	117	128.451	307.301	0	2.94184	106.646	6.66191e-10	0.275091	2.57348e-07	106.371	0.000419824	102	28206
118	2049	403.266	319.855	0	7.56169	1811.11	298.607	114.195	1010.5	387.807	0	14	270
119	119	458.485	337.231	0	2.94944	107.475	7.69203e-10	0.283815	2.90228e-07	107.191	0.000419824	102	28062
120	703	415.942	196.027	0	2.94309	106.783	6.82347e-10	0.276526	2.62554e-07	106.506	0.000419824	102	28182
121	1722	152.614	315.466	0	8.41271	2494	405	135	1465.5	488.5	0	14	4470
122	1709	271.272	280.68	0	8.41271	2494	405	135	1465.5	488.5	0	14	3960
123	1873	122.226	351.321	0	5.85481	840.672	130.267	60.7321	445.119	204.554	0	14	36
124	124	312.583	278.481	0	2.95421	107.997	8.41525e-10	0.289407	3.12879e-07	107.707	0.000419824	102	27972
125	1924	345.397	377.012	0	1.45209	12.8253	7.547e-08	12.4056	2.73741e-09	0.419662	0	100	408
126	1578	296.896	294.839	0	6.80881	1322.21	210.387	79.8097	750.776	281.242	0	14	36
127	127	329.618	384.66	0	2.94976	107.51	7.73825e-10	0.284184	2.91686e-07	107.226	0.000419824	102	28056
128	787	214.508	453.046	0	2.94849	107.371	7.55502e-10	0.282709	2.85898e-07	107.088	0.000419824	102	28080
129	129	240.124	389.761	0	2.9417	106.631	6.66174e-10	0.275085	2.5731e-07	106.356	0.000419824	102	28206
130	130	308.81	244.549	0	2.93994	106.44	6.4267e-10	0.272952	2.49727e-07	106.167	0.000419824	102	28242
131	131	297.261	320.629	0	2.93931	106.372	6.35016e-10	0.272243	2.47237e-07	106.099	0.000419824	102	28254
132	1388	312.706	206.724	0	8.41271	2494	405	135	1465.5	488.5	0	14	8478
133	133	257.471	368.579	0	2.94659	107.164	7.28828e-10	0.280511	2.77433e-07	106.883	0.000419824	102	28116
134	667	182.011	348.601	0	2.93079	105.449	5.40177e-10	0.262847	2.15957e-07	105.186	0.000419824	102	28416
135	135	391.131	337.789	0	2.94152	106.612	6.62212e-10	0.274733	2.56062e-07	106.337	0.000419824	102	28212
136	136	372.249	298.02	0	2.93521	105.926	5.87437e-10	0.267678	2.31648e-07	105.659	0.000419824	102	28332
137	724	157.89	337.932	0	2.933	105.688	5.63311e-10	0.265251	2.23665e-07	105.422	0.000419824	102	28374
138	1975	343.848	349.521	0	8.40468	2486.87	404.306	134.906	1460.31	487.351	0	14	1176
139	1204	478.064	185.405	0	8.41265	2493.95	404.997	135	1465.46	488.491	0	14	2244
140	140	395.273	194.879	0	2.93868	106.303	6.27452e-10	0.271536	2.44772e-07	106.031	0.000419824	102	28266
141	774	194.465	366.083	0	2.81872	93.809	5.60713e-10	0.251068	2.08739e-07	93.5579	0.000419824	102	28230
142	1277	203.641	362.32	0	8.41271	2494	405	135	1465.5	488.5	0	14	10536
143	1869	164.503	372.906	0	8.4127	2493.99	404.999	135	1465.49	488.498	0	14	2628
144	144	379.415	238.581	0	2.94216	106.681	6.70194e-10	0.275449	2.5864e-07	106.405	0.000419824	102	28200
145	857	314.322	258.642	0	2.94694	107.202	7.9124e-10	0.285265	2.96265e-07	106.917	0.000419824	102	28032
146	562	306.492	113.343	0	2.93268	105.653	5.59947e-10	0.264907	2.22547e-07	105.389	0.000419824	102	28380
147	800	368.736	263.976	0	2.93014	105.379	5.33742e-10	0.262163	2.13798e-07	105.117	0.000419824	102	28428
148	148	391.577	255.107	0	2.95008	107.545	7.78474e-10	0.284554	2.93151e-07	107.26	0.000419824	102	28050
149	1665	201.018	449.116	0	8.41271	2494	405	135	1465.5	488.5	0	14	5460
150	150	169.946	279.755	0	2.93678	106.097	6.05299e-10	0.269425	2.37524e-07	105.828	0.000419824	102	28302
151	1659	148.58	330.284	0	8.41271	2494	405	135	1465.5	488.5	0	14	5052
152	745	341.197	449.911	0	2.93016	105.381	5.33743e-10	0.262164	2.13803e-07	105.119	0.000419824	102	28428
153	153	186.256	360.464	0	2.93742	106.166	6.12595e-10	0.270126	2.39916e-07	105.896	0.000419824	102	28290
154	507	381.551	422.845	0	2.93046	105.413	5.36949e-10	0.262505	2.14873e-07	105.151	0.000419824	102	28422
155	155	467.563	349.838	0	2.93142	105.517	5.46688e-10	0.263532	2.18131e-07	105.254	0.000419824	102	28404
156	1056	93.1381	240.849	0	6.75623	1291.82	206.029	75.978	740.247	269.563	0	14	24
157	1817	118.143	217.654	0	8.41258	2493.88	404.992	134.999	1465.41	488.48	0	14	2064
158	2051	205.777	310.371	0	7.77763	1970.75	322.854	118.51	1118.25	411.13	0	14	252
159	1148	224.661	428.012	0	8.41271	2494	405	135	1465.5	488.5	0	14	10662
160	678	368.271	402.734	0	2.94944	107.475	7.69203e-10	0.283815	2.90228e-07	107.191	0.000419824	102	28062
161	573	233.262	421.807	0	2.9447	106.958	7.07273e-10	0.278677	2.70484e-07	106.679	0.000419824	102	28146
162	162	126.98	222.553	0	2.94532	107.025	7.11571e-10	0.279056	2.71928e-07	106.746	0.000419824	102	28140
163	163	453.517	339.86	0	2.93756	106.181	6.27236e-10	0.271457	2.44478e-07	105.91	0.000419824	102	28266
164	1775	286.744	283.118	0	8.41271	2494	405	135	1465.5	488.5	0	14	3960
165	560	303.219	108.213	0	2.77389	89.4035	4.47692e-10	0.233919	1.70493e-07	89.1696	0.000419824	102	28404
166	725	385.744	170.832	0	2.94089	106.543	6.54325e-10	0.27402	2.53509e-07	106.269	0.000419824	102	28224
167	1029	247.329	292.786	0	8.41257	2493.88	404.992	134.999	1465.41	488.48	0	14	2058
168	1320	176.484	357.452	0	8.41271	2494	405	135	1465.5	488.5	0	14	8364
169	169	115.652	314.208	0	2.93079	105.449	5.40177e-10	0.262847	2.15957e-07	105.186	0.000419824	102	28416
170	1211	156.9	360.181	0	8.41271	2494	405	135	1465.5	488.5	0	14	6930
171	171	314.528	359.192	0	2.94216	106.681	6.70194e-10	0.275449	2.5864e-07	106.405	0.000419824	102	28200
172	172	322.505	258.952	0	2.94247	106.715	6.74221e-10	0.275808	2.5994e-07	106.439	0.000419824	102	28194
173	173	308.051	374.954	0	2.95421	107.997	8.41525e-10	0.289407	3.12879e-07	107.707	0.000419824	102	27972
174	174	307.526	269.301	0	2.93205	105.585	5.53278e-10	0.264218	2.20328e-07	105.321	0.000419824	102	28392
175	1484	439.864	226.436	0	8.41271	2494	405	135	1465.5	488.5	0	14	8532
176	878	221.614	352.919	0	2.89898	102.052	6.87669e-10	0.273	2.56124e-07	101.779	0.000419824	102	28122
177	2032	443.588	324.928	0	7.94016	2096.89	347.554	124.5	1195.16	429.679	0	14	390
178	611	104.806	268.804	0	2.94071	106.523	7.59416e-10	0.283125	2.84684e-07	106.24	0.000419824	102	28062
179	179	239.743	384.334	0	2.94659	107.164	7.28828e-10	0.280511	2.77433e-07	106.883	0.000419824	102	28116
180	1514	267.34	312.42	0	8.41271	2494	405	135	1465.5	488.5	0	14	3696
181	513	328.353	469.949	0	2.94849	107.371	7.55502e-10	0.282709	2.85899e-07	107.089	0.000419824	102	28080
182	182	355.9	192.326	0	2.93741	106.165	6.12595e-10	0.270126	2.39915e-07	105.895	0.000419824	102	28290
183	1694	428.183	290.508	0	8.41271	2494	405	135	1465.5	488.5	0	14	4836
184	184	248.86	229.584	0	2.93994	106.44	6.4267e-10	0.272952	2.49727e-07	106.167	0.000419824	102	28242
185	1832	319.044	331.8	0	8.40959	2491.22	404.753	134.97	1463.46	488.046	0	14	1380
186	186	398.957	180.522	0	2.93867	106.302	6.27452e-10	0.271535	2.4477e-07	106.03	0.000419824	102	28266
187	856	350.253	467.37	0	2.94093	106.548	7.02013e-10	0.277976	2.68115e-07	106.27	0.000419824	102	28152
188	868	147.042	201.501	0	2.93008	105.373	6.95426e-10	0.277089	2.63507e-07	105.096	0.000419824	102	28146
189	2045	350.136	383.971	0	7.95045	2105.06	345.868	123.6	1204.35	431.245	0	14	318
190	1945	105.995	327.062	0	8.41151	2492.93	404.912	134.99	1464.7	488.322	0	14	1584
191	820	176.857	461.478	0	2.93479	105.881	5.83918e-10	0.267326	2.30466e-07	105.614	0.000419824	102	28338
192	640	333.039	460.517	0	2.94342	106.819	6.86448e-10	0.276886	2.63876e-07	106.542	0.000419824	102	28176
193	818	113.009	319.024	0	2.93606	106.019	5.98081e-10	0.268721	2.35134e-07	105.751	0.000419824	102	28314
194	194	396.358	189.548	0	2.94406	106.887	6.94722e-10	0.277607	2.66533e-07	106.61	0.000419824	102	28164
195	1587	197.244	381.608	0	8.41271	2494	405	135	1465.5	488.5	0	14	6696
196	843	174.495	329.519	0	2.94887	107.413	7.6909e-10	0.283779	2.90054e-07	107.129	0.000419824	102	28062
197	624	304.965	274.006	0	2.87964	100.023	5.19415e-10	0.256118	2.02132e-07	99.7672	0.000419824	102	28398
198	1551	389.504	365.332	0	8.41271	2494	405	135	1465.5	488.5	0	14	3270
199	1818	240.858	250.007	0	8.41271	2494	405	135	1465.5	488.5	0	14	3324
200	200	194.825	202.12	0	2.95198	107.753	8.06965e-10	0.286784	3.02097e-07	107.466	0.000419824	102	28014
201	961	201.584	469.018	0	8.41271	2494	405	135	1465.5	488.5	0	14	5076
202	605	325.767	465.044	0	2.95008	107.545	7.78474e-10	0.284554	2.93151e-07	107.26	0.000419824	102	28050
203	1936	255.264	447.595	0	8.41204	2493.4	404.953	134.995	1465.05	488.4	0	14	1710
204	1037	221.95	173.824	0	8.41271	2494	405	135	1465.5	488.5	0	14	15810
205	205	462.798	340.434	0	2.93931	106.372	6.35016e-10	0.272243	2.47237e-07	106.099	0.000419824	102	28254
206	1656	489.112	256.521	0	8.41271	2494	405	135	1465.5	488.5	0	14	5580
207	2034	411.191	268.399	0	8.13812	2257.67	371.061	128.769	1304.33	453.517	0	14	426
208	1606	151.105	345.723	0	8.41154	2492.96	404.915	134.991	1464.73	488.327	0	14	1590
209	209	463.63	335.184	0	2.93111	105.483	5.43423e-10	0.263189	2.17041e-07	105.22	0.000419824	102	28410
210	210	453.723	240.476	0	2.93521	105.926	5.87437e-10	0.267678	2.31648e-07	105.659	0.000419824	102	28332
211	1900	325.12	437.655	0	8.41263	2493.92	404.995	135	1465.44	488.487	0	14	2160
212	212	131.469	205.988	0	2.94691	107.198	7.33207e-10	0.280877	2.78826e-07	106.917	0.000419824	102	28110
213	672	444.308	235.539	0	2.94469	106.956	7.03096e-10	0.278331	2.69217e-07	106.678	0.000419824	102	28152
214	214	464.736	227.861	0	2.95516	108.101	8.56785e-10	0.290539	3.17617e-07	107.811	0.000419824	102	27954
215	215	87.9457	354.813	0	2.94311	106.784	6.82348e-10	0.276526	2.62557e-07	106.508	0.000419824	102	28182
216	867	241.048	301.469	0	2.89712	101.856	5.60424e-10	0.261627	2.1741e-07	101.595	0.000419824	102	28344
217	217	467.842	338.799	0	2.95039	107.579	7.83152e-10	0.284925	2.94624e-07	107.294	0.000419824	102	28044
218	1993	428.56	305.098	0	8.36707	2453.63	400.475	134.302	1436.67	482.18	0	14	888
219	219	93.1751	354.081	0	2.93584	105.995	5.94518e-10	0.268375	2.33981e-07	105.726	0.000419824	102	28320
220	869	236.223	149.734	0	2.8802	100.082	5.10865e-10	0.2554	1.99483e-07	99.8266	0.000419824	102	28416
221	1547	143.969	435.669	0	1.96439	31.7519	0.000380656	26.7798	7.57716e-05	4.97159	0	100	258
222	222	296.34	279.053	0	2.93678	106.097	6.05299e-10	0.269425	2.37524e-07	105.828	0.000419824	102	28302
223	223	323.944	376.5	0	2.94913	107.441	7.64608e-10	0.283446	2.88778e-07	107.157	0.000419824	102	28068
224	1106	297.773	309.768	0	8.39947	2482.24	403.796	134.828	1456.99	486.625	0	14	1068
225	1554	345.656	230.695	0	8.41271	2494	405	135	1465.5	488.5	0	14	3744
226	833	313.002	384.909	0	2.948	107.318	7.50965e-10	0.282334	2.8442e-07	107.036	0.000419824	102	28086
227	227	249.006	359.413	0	2.93111	105.483	5.43423e-10	0.263189	2.17041e-07	105.22	0.000419824	102	28410
228	872	226.106	446.346	0	2.8315	95.0911	5.05056e-10	0.249136	1.92078e-07	94.8419	0.000419824	102	28374
229	1848	206.97	232.899	0	8.41271	2494	405	135	1465.5	488.499	0	14	2862
230	1680	435.198	363.849	0	8.40986	2491.47	404.776	134.973	1463.63	488.085	0	14	1398
231	609	230.167	449.796	0	2.94596	107.095	7.20148e-10	0.279783	2.74667e-07	106.815	0.000419824	102	28128
232	760	187.717	303.821	0	2.93994	106.44	6.4267e-10	0.272952	2.49727e-07	106.167	0.000419824	102	28242
233	233	368.245	397.326	0	2.94627	107.129	7.24475e-10	0.280147	2.76046e-07	106.849	0.000419824	102	28122
234	622	230.779	135.212	0	2.93836	106.269	6.23705e-10	0.271183	2.43549e-07	105.997	0.000419824	102	28272
235	1237	257.301	165.794	0	8.41271	2494	405	135	1465.5	488.5	0	14	5022
236	1010	287.486	360.615	0	8.41271	2494	405	135	1465.5	488.5	0	14	6438
237	237	375.84	410.223	0	2.95548	108.136	8.61934e-10	0.290917	3.19213e-07	107.845	0.000419824	102	27948
238	238	384.276	181.569	0	2.93584	105.995	5.94518e-10	0.268375	2.33981e-07	105.726	0.000419824	102	28320
239	784	327.164	230.323	0	2.94026	106.474	6.46531e-10	0.273307	2.50981e-07	106.201	0.000419824	102	28236
240	240	193.045	182.924	0	2.9371	106.132	6.08936e-10	0.269775	2.38717e-07	105.862	0.000419824	102	28296
241	509	180.107	457.281	0	2.94659	107.164	7.28828e-10	0.280511	2.77433e-07	106.883	0.000419824	102	28116
242	772	184.616	200.007	0	2.94786	107.302	7.46504e-10	0.281975	2.83049e-07	107.02	0.000419824	102	28092
243	243	207.217	385.733	0	2.94311	106.784	6.82348e-10	0.276526	2.62557e-07	106.508	0.000419824	102	28182
244	1201	369.778	347.174	0	8.36052	2447.87	399.638	134.148	1432.75	481.338	0	14	792
245	1393	311.817	445.759	0	8.41271	2494	405	135	1465.5	488.5	0	14	3264
246	761	381.119	167.684	0	2.95103	107.649	7.92592e-10	0.285667	2.9759e-07	107.363	0.000419824	102	28032
247	806	257.661	431.057	0	2.93455	105.855	5.80438e-10	0.266981	2.29332e-07	105.588	0.000419824	102	28344
248	1202	385.76	413.371	0	8.41271	2494	405	135	1465.5	488.5	0	14	7752
249	582	249.422	320.125	0	2.94786	107.302	7.46504e-10	0.281975	2.83049e-07	107.02	0.000419824	102	28092
250	250	379.354	223.227	0	2.93931	106.372	6.35016e-10	0.272243	2.47237e-07	106.099	0.000419824	102	28254
251	844	358.88	429.634	0	2.9274	105.083	5.80434e-10	0.267201	2.27467e-07	104.816	0.000419824	102	28332
252	1983	151.403	246.771	0	8.36074	2448.06	399.734	134.173	1432.81	481.344	0	14	810
253	253	472.395	352.291	0	2.939	106.337	6.31223e-10	0.271889	2.46002e-07	106.065	0.000419824	102	28260
254	254	474.184	210.308	0	2.93931	106.372	6.35016e-10	0.272243	2.47237e-07	106.099	0.000419824	102	28254
255	572	211.915	174.724	0	2.84165	96.1171	5.61073e-10	0.254397	2.11218e-07	95.8627	0.000419824	102	28266
256	515	320.511	464.76	0	2.94501	106.991	7.07321e-10	0.278693	2.70569e-07	106.712	0.000419824	102	28146
257	257	466.671	344.272	0	2.93805	106.234	6.19979e-10	0.27083	2.42332e-07	105.964	0.000419824	102	28278
258	1822	331.561	323.789	0	8.41271	2494	405	135	1465.5	488.5	0	14	2958
259	599	424.18	253.43	0	2.939	106.337	6.31223e-10	0.271889	2.46002e-07	106.065	0.000419824	102	28260
260	713	191.609	341.842	0	2.93268	105.653	5.59947e-10	0.264907	2.22547e-07	105.389	0.000419824	102	28380
261	871	343.594	459.011	0	2.90753	102.958	6.05644e-10	0.266956	2.32747e-07	102.691	0.000419824	102	28272
262	262	458.91	239.254	0	2.93868	106.303	6.27452e-10	0.271536	2.44772e-07	106.031	0.000419824	102	28266
263	263	146.555	388.978	0	2.93142	105.517	5.46688e-10	0.263532	2.18131e-07	105.254	0.000419824	102	28404
264	264	145.988	206.725	0	2.95039	107.579	7.83152e-10	0.284925	2.94624e-07	107.294	0.000419824	102	28044
265	617	470.022	227.545	0	2.93584	105.995	5.94518e-10	0.268375	2.33981e-07	105.726	0.000419824	102	28320
266	1446	444.876	245.796	0	8.38291	2467.59	402.049	134.545	1446.63	484.363	0	14	894
267	511	338.279	459.927	0	2.94215	106.68	6.70193e-10	0.275449	2.58639e-07	106.405	0.000419824	102	28200
268	860	364.753	290.255	0	2.91961	104.247	6.04493e-10	0.268416	2.33939e-07	103.979	0.000419824	102	28284
269	269	297.319	356.895	0	2.9523	107.788	8.11814e-10	0.287157	3.03614e-07	107.501	0.000419824	102	28008
270	1292	326.628	406.644	0	8.41271	2494	405	135	1465.5	488.5	0	14	12990
271	271	325.792	381.317	0	2.93584	105.995	5.94518e-10	0.268375	2.33981e-07	105.726	0.000419824	102	28320
272	272	322.041	229.378	0	2.94374	106.853	6.90572e-10	0.277246	2.65201e-07	106.576	0.000419824	102	28170
273	723	457.306	220.127	0	2.93331	105.722	5.66696e-10	0.265597	2.24788e-07	105.456	0.000419824	102	28368
274	274	259.433	176.22	0	2.94469	106.956	7.03096e-10	0.278331	2.69217e-07	106.678	0.000419824	102	28152
275	1552	240.924	173.557	0	1.82001	25.2529	3.007e-05	22.7352	3.57033e-06	2.51762	0	100	306
276	276	323.576	234.398	0	2.9371	106.132	6.08936e-10	0.269775	2.38717e-07	105.862	0.000419824	102	28296
277	277	242.099	394.713	0	2.93048	105.415	5.3695e-10	0.262505	2.14877e-07	105.153	0.000419824	102	28422
278	1122	211.76	149.193	0	8.41271	2494	405	135	1465.5	488.5	0	14	4044
279	987	273.669	254.12	0	8.41271	2494	405	135	1465.5	488.5	0	14	3348
280	280	348.642	204.476	0	2.93016	105.381	5.33743e-10	0.262164	2.13803e-07	105.119	0.000419824	102	28428
281	1178	94.1134	303.441	0	8.41271	2494	405	135	1465.5	488.5	0	14	4452
282	974	352.565	398.474	0	8.41245	2493.77	404.983	134.999	1465.33	488.462	0	14	1920
283	1689	157.024	428.271	0	8.41271	2494	405	135	1465.5	488.5	0	14	5076
284	583	373.089	400.08	0	2.95325	107.892	8.26536e-10	0.28828	3.08212e-07	107.604	0.000419824	102	27990
285	285	228.739	418.763	0	2.94311	106.784	6.82348e-10	0.276526	2.62557e-07	106.507	0.000419824	102	28182
286	1574	136.299	386.684	0	8.41269	2493.98	404.999	135	1465.49	488.497	0	14	2466
287	287	378.805	400.33	0	2.94089	106.543	6.54325e-10	0.27402	2.53509e-07	106.269	0.000419824	102	28224
288	288	394.417	177.482	0	2.94026	106.474	6.46532e-10	0.273308	2.50981e-07	106.201	0.000419824	102	28236
289	289	201.605	372.313	0	2.91092	103.319	6.00418e-10	0.266968	2.3154e-07	103.052	0.000419824	102	28284
290	595	434.977	328.772	0	2.93048	105.415	5.3695e-10	0.262505	2.14877e-07	105.153	0.000419824	102	28422
291	291	428.195	377.29	0	8.41271	2494	405	135	1465.5	488.5	0	14	7122
292	2013	263.41	392.871	0	8.34884	2437.62	398.147	133.875	1425.76	479.838	0	14	732
293	636	399.629	280.989	0	2.93931	106.372	6.35016e-10	0.272243	2.47237e-07	106.099	0.000419824	102	28254
294	715	159.62	443.62	0	2.93935	106.376	6.65574e-10	0.274879	2.56654e-07	106.101	0.000419824	102	28206
295	788	389.467	391.418	0	2.9412	106.577	6.58256e-10	0.274376	2.54781e-07	106.303	0.000419824	102	28218
296	1151	-nan	-nan	0	1.82001	25.2529	3.007e-05	22.7352	3.57033e-06	2.51762	0	100	306
297	707	200.447	168.501	0	2.94532	107.025	7.11571e-10	0.279056	2.71928e-07	106.746	0.000419824	102	28140
298	559	325.505	474.522	0	2.93079	105.449	5.40177e-10	0.262847	2.15957e-07	105.186	0.000419824	102	28416
299	552	250.511	117.314	0	2.94501	106.991	7.07321e-10	0.278693	2.70569e-07	106.712	0.000419824	102	28146
300	300	394.961	184.188	0	2.93489	105.892	5.83928e-10	0.26733	2.3049e-07	105.625	0.000419824	102	28338
301	838	254.303	211.782	0	8.4127	2493.99	405	135	1465.5	488.499	0	14	2718
302	302	152.182	199.86	0	2.93268	105.653	5.59947e-10	0.264907	2.22547e-07	105.389	0.000419824	102	28380
303	1798	143.024	400.203	0	8.41271	2494	405	135	1465.5	488.5	0	14	3618
304	304	478.954	175.008	0	2.94406	106.887	6.94722e-10	0.277607	2.66533e-07	106.61	0.000419824	102	28164
305	520	249.135	122.483	0	2.93205	105.585	5.53278e-10	0.264218	2.20328e-07	105.321	0.000419824	102	28392
306	1589	345.622	194.293	0	8.41271	2494	405	135	1465.5	488.5	0	14	4164
307	1609	170.434	289.92	0	8.41268	2493.97	404.998	135	1465.48	488.495	0	14	2382
308	751	243.615	359.908	0	2.94881	107.406	7.60042e-10	0.283077	2.87335e-07	107.123	0.000419824	102	28074
309	1535	218.525	305.964	0	7.77763	1970.75	322.854	118.51	1118.25	411.13	0	14	252
310	537	322.949	469.682	0	2.93678	106.097	6.05299e-10	0.269425	2.37524e-07	105.828	0.000419824	102	28302
311	775	319.959	422.401	0	8.41263	2493.92	404.995	135	1465.44	488.487	0	14	2160
312	312	471.8	220.399	0	2.93836	106.269	6.23705e-10	0.271183	2.43549e-07	105.997	0.000419824	102	28272
313	313	123.391	373.184	0	2.93363	105.756	5.70101e-10	0.265942	2.25917e-07	105.49	0.000419824	102	28362
314	314	136.868	205.461	0	2.94216	106.681	6.70194e-10	0.275449	2.5864e-07	106.405	0.000419824	102	28200
315	315	335.605	449.947	0	2.93272	105.657	6.04267e-10	0.269045	2.36466e-07	105.388	0.000419824	102	28302
316	316	353.768	187.446	0	2.9303	105.396	5.36932e-10	0.262498	2.14838e-07	105.134	0.000419824	102	28422
317	1622	401.42	305.254	0	8.41271	2494	405	135	1465.5	488.5	0	14	4428
318	810	230.888	444.51	0	2.93137	105.512	5.46684e-10	0.26353	2.1812e-07	105.249	0.000419824	102	28404
319	629	166.61	358.434	0	2.95135	107.684	7.97354e-10	0.286039	2.99085e-07	107.398	0.000419824	102	28026
320	320	338.739	207.427	0	2.94913	107.441	7.64608e-10	0.283446	2.88778e-07	107.157	0.000419824	102	28068
321	1867	341.583	412.435	0	8.41266	2493.95	404.997	135	1465.46	488.492	0	14	2286
322	1660	115.677	241.893	0	7.0545	1470.58	235.083	92.8037	820.689	322	0	14	84
323	323	350.524	451.906	0	2.93237	105.619	5.56602e-10	0.264562	2.21435e-07	105.355	0.000419824	102	28386
324	324	343.202	204.423	0	2.93331	105.722	5.66696e-10	0.265597	2.24788e-07	105.456	0.000419824	102	28368
325	851	169.686	423.853	0	2.94673	107.179	7.50637e-10	0.282231	2.84031e-07	106.897	0.000419824	102	28086
326	652	245.974	378.045	0	2.94532	107.025	7.11571e-10	0.279056	2.71928e-07	106.746	0.000419824	102	28140
327	327	344.309	430.427	0	2.93111	105.483	5.43423e-10	0.263189	2.17041e-07	105.22	0.000419824	102	28410
328	831	227.071	440.949	0	2.93058	105.426	5.4335e-10	0.263159	2.1692e-07	105.163	0.000419824	102	28410
329	542	303.141	117.192	0	2.64362	77.3898	3.56746e-10	0.202369	1.35936e-07	77.1874	0.000419824	102	28452
330	1666	269.495	173.7	0	8.40745	2489.33	404.563	134.943	1462.08	487.742	0	14	1266
331	331	378.62	405.638	0	2.93268	105.653	5.59947e-10	0.264907	2.22547e-07	105.389	0.000419824	102	28380
332	332	390.052	174.155	0	2.93489	105.892	5.83928e-10	0.26733	2.3049e-07	105.625	0.000419824	102	28338
333	1259	290.034	392.313	0	8.41271	2494	405	135	1465.5	488.5	0	14	8934
334	840	310.446	262.312	0	2.95001	107.537	7.83081e-10	0.284902	2.94503e-07	107.252	0.000419824	102	28044
335	335	476.397	348.65	0	2.95039	107.579	7.83152e-10	0.284925	2.94624e-07	107.294	0.000419824	102	28044
336	336	415.533	190.883	0	2.93584	105.995	5.94518e-10	0.268375	2.33981e-07	105.726	0.000419824	102	28320
337	1027	404.736	333.709	0	7.56169	1811.11	298.607	114.195	1010.5	387.807	0	14	270
338	773	215.759	315.072	0	2.94089	106.543	6.54325e-10	0.274019	2.53509e-07	106.269	0.000419824	102	28224
339	1653	351.435	422.928	0	8.41271	2494	405	135	1465.5	488.5	0	14	5604
340	1015	332.566	238.977	0	8.41271	2494	405	135	1465.5	488.5	0	14	6930
341	341	191.37	362.006	0	2.91004	103.225	5.53659e-10	0.262735	2.16758e-07	102.962	0.000419824	102	28368
342	342	212.981	180.019	0	2.93868	106.303	6.27452e-10	0.271536	2.44772e-07	106.031	0.000419824	102	28266
343	601	309.952	361.849	0	2.93931	106.372	6.35016e-10	0.272243	2.47237e-07	106.099	0.000419824	102	28254
344	2031	289.871	227.812	0	8.2083	2316.58	380.563	130.642	1343.37	462.009	0	14	492
345	677	340.148	454.971	0	2.94501	106.991	7.07321e-10	0.278693	2.70569e-07	106.712	0.000419824	102	28146
346	699	384.896	393.485	0	2.94216	106.681	6.70194e-10	0.275449	2.5864e-07	106.405	0.000419824	102	28200
347	347	394.27	389.978	0	2.94374	106.853	6.90572e-10	0.277246	2.65201e-07	106.576	0.000419824	102	28170
348	809	195.701	459.946	0	2.93233	105.615	5.56599e-10	0.264561	2.21426e-07	105.351	0.000419824	102	28386
349	1696	160.811	275.703	0	8.41271	2494	405	135	1465.5	488.5	0	14	4452
350	873	354.297	432.395	0	2.91972	104.259	6.74333e-10	0.274145	2.55527e-07	103.985	0.000419824	102	28170
351	673	443.994	339.936	0	2.9374	106.164	6.12594e-10	0.270126	2.39911e-07	105.894	0.000419824	102	28290
352	352	474.645	215.855	0	2.94437	106.922	6.98896e-10	0.277969	2.67872e-07	106.644	0.000419824	102	28158
353	353	143.931	369.181	0	2.94183	106.645	6.6619e-10	0.275091	2.57345e-07	106.37	0.000419824	102	28206
354	354	150.904	205.231	0	2.93174	105.551	5.49973e-10	0.263875	2.19227e-07	105.287	0.000419824	102	28398
355	567	343.098	473.463	0	2.93111	105.483	5.43423e-10	0.263189	2.17041e-07	105.22	0.000419824	102	28410
356	356	467.253	223.092	0	2.933	105.688	5.63311e-10	0.265251	2.23665e-07	105.422	0.000419824	102	28374
357	357	117.911	372.773	0	2.95008	107.545	7.78474e-10	0.284554	2.93151e-07	107.26	0.000419824	102	28050
358	358	141.249	208.799	0	2.93363	105.756	5.70101e-10	0.265942	2.25917e-07	105.49	0.000419824	102	28362
359	796	229.29	119.896	0	2.94722	107.232	7.37613e-10	0.281242	2.80226e-07	106.951	0.000419824	102	28104
360	360	290.215	153.975	0	2.933	105.688	5.63311e-10	0.265251	2.23665e-07	105.422	0.000419824	102	28374
361	361	315.139	435.914	0	2.94913	107.441	7.64608e-10	0.283446	2.88778e-07	107.157	0.000419824	102	28068
362	716	195.75	170.759	0	2.93742	106.166	6.12595e-10	0.270126	2.39916e-07	105.896	0.000419824	102	28290
363	1747	256.992	253.677	0	8.41271	2494	405	135	1465.5	488.5	0	14	4230
364	364	262.103	151.04	0	2.94121	106.578	6.58256e-10	0.274376	2.54782e-07	106.303	0.000419824	102	28218
365	1115	197.173	221.903	0	8.41271	2494	405	135	1465.5	488.5	0	14	6558
366	801	322.65	479.123	0	2.93993	106.439	6.42669e-10	0.272952	2.49724e-07	106.166	0.000419824	102	28242
367	766	364.518	284.928	0	2.94026	106.474	6.46532e-10	0.273308	2.50981e-07	106.201	0.000419824	102	28236
368	368	265.612	159.884	0	2.93994	106.44	6.4267e-10	0.272952	2.49727e-07	106.167	0.000419824	102	28242
369	720	361.793	280.18	0	2.93773	106.2	6.16276e-10	0.270478	2.41121e-07	105.93	0.000419824	102	28284
370	847	200.888	459.065	0	2.92947	105.306	5.65793e-10	0.265247	2.23841e-07	105.041	0.000419824	102	28368
371	826	172.218	334.496	0	2.95386	107.959	8.36496e-10	0.28903	3.11306e-07	107.67	0.000419824	102	27978
372	372	261.373	156.351	0	2.94596	107.095	7.20148e-10	0.279783	2.74667e-07	106.815	0.000419824	102	28128
373	2010	386.215	230.533	0	8.35882	2446.37	399.32	134.08	1431.82	481.15	0	14	768
374	374	385.109	176.29	0	2.92632	104.967	6.28786e-10	0.27127	2.4244e-07	104.696	0.000419824	102	28248
375	861	363.45	399.928	0	2.88869	100.97	5.59842e-10	0.261684	2.15242e-07	100.708	0.000419824	102	28332
376	702	382.554	383.756	0	2.939	106.337	6.31223e-10	0.271889	2.46002e-07	106.065	0.000419824	102	28260
377	1752	304.3	254.276	0	8.41271	2494	405	135	1465.5	488.5	0	14	3588
378	1863	290.798	315.385	0	1.29827	9.16611	3.09789e-09	9.00344	6.00106e-11	0.162662	0	100	462
379	557	320.088	474.306	0	2.93835	106.267	6.23704e-10	0.271182	2.43546e-07	105.996	0.000419824	102	28272
380	786	226.834	301.796	0	2.9371	106.131	6.08936e-10	0.269775	2.38716e-07	105.861	0.000419824	102	28296
381	381	385.431	388.119	0	2.94627	107.129	7.24475e-10	0.280147	2.76046e-07	106.849	0.000419824	102	28122
382	382	394.968	172.006	0	2.93963	106.406	6.38831e-10	0.272597	2.48479e-07	106.133	0.000419824	102	28248
383	1985	164.586	220.879	0	8.39707	2480.12	403.552	134.79	1455.48	486.294	0	14	1032
384	875	231.168	130.014	0	2.87261	99.2935	5.58666e-10	0.25855	2.13781e-07	99.035	0.000419824	102	28314
385	610	356.596	197.612	0	2.94121	106.578	6.58256e-10	0.274376	2.54782e-07	106.303	0.000419824	102	28218
386	386	399.356	175.143	0	2.94311	106.784	6.82348e-10	0.276526	2.62557e-07	106.508	0.000419824	102	28182
387	1825	285.858	145.187	0	8.41271	2494	405	135	1465.5	488.5	0	14	3222
388	1960	509.956	233.837	0	8.40953	2491.17	404.747	134.969	1463.42	488.037	0	14	1374
389	389	417.721	379.518	0	2.94707	107.216	7.37592e-10	0.281235	2.80182e-07	106.935	0.000419824	102	28104
390	1185	266.086	437.173	0	8.41204	2493.4	404.953	134.995	1465.05	488.4	0	14	1710
391	1813	212.656	218.877	0	8.40814	2489.94	404.625	134.952	1462.52	487.839	0	14	1296
392	392	148.114	196.239	0	2.93142	105.517	5.46688e-10	0.263532	2.18131e-07	105.254	0.000419824	102	28404
393	684	331.002	465.365	0	2.93489	105.892	5.83928e-10	0.26733	2.3049e-07	105.625	0.000419824	102	28338
394	1369	262.722	329.942	0	8.41271	2494	405	135	1465.5	488.5	0	14	6090
395	395	163.093	439.348	0	2.9371	106.132	6.08936e-10	0.269775	2.38717e-07	105.862	0.000419824	102	28296
396	852	331.516	446.218	0	2.92396	104.713	5.30819e-10	0.262147	2.11295e-07	104.451	0.000419824	102	28422
397	397	417.395	408.153	0	2.94944	107.475	7.69203e-10	0.283815	2.90228e-07	107.191	0.000419824	102	28062
398	1982	306.051	415.371	0	8.39427	2477.63	403.355	134.77	1453.63	485.88	0	14	1068
399	399	148.226	433.957	0	2.94464	106.951	7.03091e-10	0.278329	2.69203e-07	106.672	0.000419824	102	28152
400	1530	332.35	254.471	0	8.40944	2491.09	404.739	134.968	1463.36	488.024	0	14	1368
401	401	346.343	448.342	0	2.93963	106.406	6.38831e-10	0.272597	2.48479e-07	106.133	0.000419824	102	28248
402	402	269.628	134.925	0	2.94279	106.75	6.78272e-10	0.276167	2.61245e-07	106.473	0.000419824	102	28188
403	1128	207.326	324.801	0	8.41271	2494	405	135	1465.5	488.5	0	14	4074
404	2055	258.459	122.661	0	7.56839	1815.93	295.779	111.935	1021.44	386.771	0	14	192
405	1385	205.452	408.566	0	8.41271	2494	405	135	1465.5	488.5	0	14	4338
406	859	379.96	178.245	0	2.90171	102.341	5.25267e-10	0.259038	2.06795e-07	102.082	0.000419824	102	28416
407	711	219.877	453.017	0	2.95135	107.684	7.97354e-10	0.286039	2.99085e-07	107.398	0.000419824	102	28026
408	1257	-nan	-nan	0	8.41271	2494	405	135	1465.5	488.5	0	14	14160
409	842	312.159	379.426	0	2.94857	107.38	7.645e-10	0.283411	2.88609e-07	107.097	0.000419824	102	28068
410	1667	319.173	170.107	0	8.41271	2494	405	135	1465.5	488.5	0	14	5442
411	2007	345.626	246.269	0	8.36178	2448.98	399.664	134.14	1433.63	481.542	0	14	780
412	534	406.583	160.462	0	2.94058	106.509	6.50416e-10	0.273663	2.52242e-07	106.235	0.000419824	102	28230
413	413	348.878	433.369	0	2.93773	106.2	6.16276e-10	0.270478	2.41121e-07	105.93	0.000419824	102	28284
414	597	274.899	238.263	0	2.95548	108.136	8.61934e-10	0.290917	3.19213e-07	107.845	0.000419824	102	27948
415	415	238.738	421.668	0	2.94627	107.129	7.24475e-10	0.280147	2.76046e-07	106.849	0.000419824	102	28122
416	951	384.726	351.477	0	8.41271	2494	405	135	1465.5	488.5	0	14	16038
417	417	362.225	425.385	0	2.92913	105.27	5.5265e-10	0.26397	2.19626e-07	105.006	0.000419824	102	28392
418	418	380.974	173.032	0	2.94659	107.164	7.28828e-10	0.280511	2.77433e-07	106.883	0.000419824	102	28116
419	419	222.002	443.146	0	2.93866	106.301	6.27451e-10	0.271535	2.44768e-07	106.029	0.000419824	102	28266
420	420	237.725	154.955	0	2.89978	102.137	5.68186e-10	0.26268	2.20142e-07	101.874	0.000419824	102	28332
421	421	373.226	405.334	0	2.93078	105.448	5.40176e-10	0.262847	2.15955e-07	105.185	0.000419824	102	28416
422	422	386.177	165.488	0	2.93331	105.722	5.66696e-10	0.265597	2.24788e-07	105.456	0.000419824	102	28368
423	714	361.352	420.173	0	2.94469	106.956	7.03096e-10	0.278331	2.69217e-07	106.678	0.000419824	102	28152
424	424	233.918	158.822	0	2.93111	105.483	5.43423e-10	0.263189	2.17041e-07	105.22	0.000419824	102	28410
425	671	217.401	183.02	0	2.94722	107.233	7.37613e-10	0.281242	2.80227e-07	106.952	0.000419824	102	28104
426	426	390.655	168.692	0	2.93048	105.415	5.3695e-10	0.262505	2.14877e-07	105.153	0.000419824	102	28422
427	427	222.761	437.915	0	2.93615	106.029	5.9809e-10	0.268724	2.35156e-07	105.76	0.000419824	102	28314
428	1632	194.916	420.117	0	8.41267	2493.96	404.997	135	1465.47	488.493	0	14	2310
429	647	285.058	155.382	0	2.9393	106.371	6.35015e-10	0.272243	2.47235e-07	106.098	0.000419824	102	28254
430	430	400.147	185.746	0	2.93174	105.551	5.49973e-10	0.263875	2.19227e-07	105.287	0.000419824	102	28398
431	431	178.475	452.276	0	2.91407	103.655	6.054e-10	0.267801	2.33491e-07	103.387	0.000419824	102	28278
432	785	367.226	280.336	0	2.93047	105.414	5.3695e-10	0.262505	2.14876e-07	105.152	0.000419824	102	28422
433	2052	350.531	306.799	0	7.70002	1912.34	312.718	116.139	1081.36	402.12	0	14	228
434	794	221.47	448.104	0	2.55017	69.4699	3.11596e-10	0.180221	1.19683e-07	69.2897	0.000419824	102	28470
435	435	181.862	430.279	0	2.93048	105.415	5.3695e-10	0.262505	2.14877e-07	105.153	0.000419824	102	28422
436	683	328.087	479.268	0	2.93111	105.483	5.43423e-10	0.263189	2.17041e-07	105.22	0.000419824	102	28410
437	789	383.869	398.452	0	2.9472	107.231	7.37611e-10	0.281242	2.80221e-07	106.949	0.000419824	102	28104
438	584	310.336	283.575	0	2.93931	106.372	6.35016e-10	0.272243	2.47237e-07	106.099	0.000419824	102	28254
439	439	154.327	442.607	0	2.93237	105.619	5.56602e-10	0.264562	2.21435e-07	105.355	0.000419824	102	28386
440	440	141.91	203.406	0	2.93394	105.79	5.73527e-10	0.266289	2.27052e-07	105.524	0.000419824	102	28356
441	883	167.734	363.353	0	2.68682	81.2463	4.04905e-10	0.214536	1.52785e-07	81.0318	0.000419824	102	28386
442	781	160.067	350.695	0	2.93299	105.687	5.63311e-10	0.265251	2.23664e-07	105.422	0.000419824	102	28374
443	768	352.693	201.158	0	2.9127	103.508	5.45311e-10	0.262295	2.14437e-07	103.246	0.000419824	102	28386
444	757	174.828	456.536	0	2.94337	106.813	6.86443e-10	0.276884	2.63863e-07	106.536	0.000419824	102	28176
445	2027	140.717	426.821	0	8.23444	2338.79	383.78	131.233	1358.48	465.297	0	14	516
446	1708	278.29	115.965	0	8.41271	2494	405	135	1465.5	488.5	0	14	4710
447	447	345.337	453.652	0	2.94501	106.991	7.07321e-10	0.278693	2.70569e-07	106.712	0.000419824	102	28146
448	2068	410.458	396.499	0	6.89432	1372.66	218.552	85.0792	771.685	297.343	0	14	54
449	748	143.355	338.831	0	2.95071	107.614	7.87858e-10	0.285296	2.96103e-07	107.329	0.000419824	102	28038
450	884	211.316	449.099	0	2.63612	76.733	3.63437e-10	0.2016	1.37832e-07	76.5314	0.000419824	102	28422
451	1948	334.803	284.431	0	8.41088	2492.38	404.862	134.984	1464.3	488.232	0	14	1494
452	830	251.492	377.508	0	2.95288	107.852	8.21593e-10	0.287903	3.06655e-07	107.564	0.000419824	102	27996
453	836	152.317	437.617	0	2.93914	106.353	6.38758e-10	0.27257	2.48352e-07	106.081	0.000419824	102	28248
454	454	254.122	142.82	0	2.93016	105.381	5.33743e-10	0.262164	2.13803e-07	105.119	0.000419824	102	28428
455	853	223.177	297.355	0	2.93725	106.148	6.45773e-10	0.273041	2.50159e-07	105.874	0.000419824	102	28236
456	807	301.871	278.26	0	2.9336	105.753	5.70099e-10	0.265942	2.2591e-07	105.487	0.000419824	102	28362
457	457	232.521	439.462	0	2.95126	107.674	7.97342e-10	0.286035	2.99057e-07	107.387	0.000419824	102	28026
458	1845	292.62	346.134	0	8.41271	2494	405	135	1465.5	488.499	0	14	2892
459	1155	288.619	376.101	0	8.41271	2494	405	135	1465.5	488.5	0	14	3972
460	862	416.631	354.577	0	2.92702	105.042	6.66456e-10	0.274442	2.5417e-07	104.768	0.000419824	102	28188
461	726	244.231	270.599	0	2.93016	105.381	5.33743e-10	0.262164	2.13803e-07	105.119	0.000419824	102	28428
462	797	333.912	469.962	0	2.9431	106.784	6.82347e-10	0.276526	2.62556e-07	106.507	0.000419824	102	28182
463	1730	217.337	389.89	0	8.41268	2493.97	404.998	135	1465.48	488.495	0	14	2382
464	1608	185.714	291.196	0	8.37208	2458.04	400.844	134.342	1439.94	482.91	0	14	828
465	465	216.557	448.271	0	2.95103	107.649	7.92592e-10	0.285667	2.9759e-07	107.363	0.000419824	102	28032
466	466	217.335	140.367	0	2.95293	107.857	8.21599e-10	0.287905	3.06672e-07	107.57	0.000419824	102	27996
467	467	386.717	423.571	0	2.94849	107.371	7.55502e-10	0.282709	2.85899e-07	107.089	0.000419824	102	28080
468	1573	333.3	222.195	0	8.41271	2494	405	135	1465.5	488.5	0	14	6930
469	469	184.716	454.596	0	2.93961	106.404	6.3883e-10	0.272597	2.48474e-07	106.131	0.000419824	102	28248
470	1455	399.602	201.753	0	1.76957	23.2109	1.49407e-05	21.1716	1.54304e-06	2.03927	0	100	318
471	749	272.37	425.685	0	2.94216	106.681	6.70194e-10	0.275449	2.5864e-07	106.405	0.000419824	102	28200
472	472	404.751	155.352	0	2.94026	106.474	6.46532e-10	0.273308	2.50981e-07	106.201	0.000419824	102	28236
473	473	176.453	466.729	0	2.94121	106.578	6.58256e-10	0.274376	2.54782e-07	106.303	0.000419824	102	28218
474	474	162.479	182.829	0	2.93963	106.406	6.38831e-10	0.272597	2.48479e-07	106.133	0.000419824	102	28248
475	1613	219.857	362.851	0	8.37208	2458.03	400.843	134.342	1439.94	482.91	0	14	828
476	882	301.495	112.742	0	2.54596	69.1263	3.02436e-10	0.187085	1.11336e-07	68.9392	0.000419824	102	28464
477	1580	397.03	439.56	0	8.28985	2386.32	390.895	132.565	1390.62	472.244	0	14	594
478	478	137.84	200.042	0	2.9422	106.685	6.7418e-10	0.275793	2.59864e-07	106.409	0.000419824	102	28194
479	1920	101.842	265.364	0	1.81997	25.2511	3.00605e-05	22.7342	3.56844e-06	2.51696	0	100	306
480	570	245.55	115.315	0	2.93521	105.926	5.87437e-10	0.267678	2.31648e-07	105.659	0.000419824	102	28332
481	722	232.528	153.576	0	2.93963	106.406	6.38831e-10	0.272597	2.48479e-07	106.133	0.000419824	102	28248
482	1569	299.835	152.221	0	8.07654	2206.81	362.815	127.119	1270.75	446.13	0	14	384
483	483	334.935	455.458	0	2.94754	107.267	7.42045e-10	0.281608	2.81634e-07	106.986	0.000419824	102	28098
484	1794	455.65	289.978	0	8.41254	2493.84	404.989	134.999	1465.38	488.474	0	14	2004
485	879	232.38	164.135	0	2.88999	101.106	6.70102e-10	0.270235	2.49798e-07	100.836	0.000419824	102	28140
486	1970	275.939	159.896	0	8.40745	2489.33	404.563	134.943	1462.08	487.742	0	14	1266
487	487	341.503	464.189	0	2.87999	100.06	5.2254e-10	0.256453	2.03157e-07	99.8036	0.000419824	102	28392
488	700	351.843	462.232	0	2.94876	107.401	7.60037e-10	0.283076	2.87321e-07	107.118	0.000419824	102	28074
489	1838	280.329	431.708	0	8.41271	2494	405	135	1465.5	488.5	0	14	3060
490	490	266.453	154.622	0	2.93142	105.517	5.46688e-10	0.263532	2.18131e-07	105.254	0.000419824	102	28404
491	816	186.994	220.034	0	2.93609	106.022	5.98084e-10	0.268722	2.3514e-07	105.753	0.000419824	102	28314
492	556	228.836	125.253	0	2.88619	100.707	5.89053e-10	0.263213	2.24567e-07	100.444	0.000419824	102	28272
493	870	299.716	282.943	0	2.87019	99.0424	5.0027e-10	0.252925	1.95208e-07	98.7895	0.000419824	102	28428
494	494	249.251	127.832	0	2.93142	105.517	5.46688e-10	0.263532	2.18131e-07	105.253	0.000419824	102	28404
495	495	355.573	466.135	0	2.93037	105.404	6.01915e-10	0.269382	2.34686e-07	105.135	0.000419824	102	28296
496	935	149.51	216.166	0	8.41271	2494	405	135	1465.5	488.5	0	14	3438
497	1207	499.328	245.02	0	8.36458	2451.44	399.987	134.195	1435.34	481.912	0	14	792
498	835	307.188	288.229	0	2.93331	105.722	5.7343e-10	0.26625	2.26899e-07	105.455	0.000419824	102	28356
499	499	353.864	471.331	0	2.93048	105.415	5.3695e-10	0.262505	2.14877e-07	105.153	0.000419824	102	28422
500	568	311.577	115.421	0	2.93111	105.483	5.43423e-10	0.263189	2.17041e-07	105.22	0.000419824	102	28410
501	680	462.002	222.967	0	2.94121	106.578	6.58256e-10	0.274376	2.54782e-07	106.303	0.000419824	102	28218
502	502	225.494	134.172	0	2.93111	105.483	5.43423e-10	0.263189	2.17041e-07	105.22	0.000419824	102	28410
503	1023	374.644	287.94	0	8.41271	2494	405	135	1465.5	488.5	0	14	10668
504	743	317.272	381.343	0	2.93334	105.724	6.29606e-10	0.271316	2.4447e-07	105.453	0.000419824	102	28260
505	505	206.142	458.886	0	2.933	105.688	5.63311e-10	0.265251	2.23665e-07	105.422	0.000419824	102	28374
506	506	235.077	138.465	0	2.93647	106.063	6.01684e-10	0.269074	2.36337e-07	105.794	0.000419824	102	28308
507	893	416.506	205.934	0	8.41271	2494	405	135	1465.5	488.5	0	14	9012
508	2072	231.696	388.589	0	6.75082	1288.72	205.733	75.9405	737.984	269.061	0	14	24
509	1871	493.985	271.326	0	8.4127	2493.99	404.999	135	1465.49	488.498	0	14	2598
510	1571	360.08	207.58	0	8.41271	2494	405	135	1465.5	488.5	0	14	7038
511	1617	167.195	343.667	0	8.41271	2494	405	135	1465.5	488.5	0	14	6162
512	1865	313.893	89.9981	0	8.4127	2493.99	405	135	1465.49	488.499	0	14	2664
513	1562	277.571	186.8	0	8.20554	2314.25	380.701	130.728	1341.28	461.535	0	14	510
514	1108	374.028	255.139	0	8.41271	2494	405	135	1465.5	488.5	0	14	7278
515	1394	434.606	255.102	0	8.41271	2494	405	135	1465.5	488.5	0	14	5334
516	1650	276.575	416.243	0	8.41271	2494	405	135	1465.5	488.5	0	14	5652
517	1987	259.219	358.578	0	8.39203	2475.65	403.029	134.706	1452.31	485.602	0	14	972
518	1669	-nan	-nan	0	2.08247	37.8288	0.000681967	31.3295	0.000151671	6.49842	0	100	252
519	983	80.5664	277.242	0	8.41235	2493.68	404.976	134.998	1465.26	488.447	0	14	1848
520	1875	455.385	305.335	0	8.4127	2493.99	404.999	135	1465.49	488.498	0	14	2562
521	1443	235.892	411.594	0	8.40986	2491.47	404.776	134.973	1463.63	488.085	0	14	1398
522	1723	78.0919	312.396	0	8.41271	2494	405	135	1465.5	488.5	0	14	4452
523	1239	455.643	200.563	0	8.41271	2494	405	135	1465.5	488.499	0	14	2820
524	2053	192.009	312.627	0	7.65871	1881.72	307.333	114.832	1062.23	397.321	0	14	216
525	1596	315.407	355.079	0	1.54795	15.5367	4.42771e-07	14.8258	2.27658e-08	0.710945	0	100	378
526	1942	459.472	249.5	0	8.4116	2493.01	404.92	134.991	1464.77	488.336	0	14	1602
527	1516	99.433	337.659	0	6.71158	1266.38	203.167	71.8815	734.068	257.261	0	14	12
528	1899	340.015	439.907	0	8.41264	2493.94	404.996	135	1465.45	488.49	0	14	2208
529	1933	239.022	279.783	0	8.41219	2493.53	404.965	134.997	1465.15	488.422	0	14	1794
530	1840	453.4	274.899	0	8.41247	2493.79	404.985	134.999	1465.34	488.465	0	14	1938
531	1866	400.004	260.413	0	8.13812	2257.67	371.061	128.769	1304.33	453.517	0	14	426
532	1830	306.742	352.277	0	8.41271	2494	405	135	1465.5	488.499	0	14	2892
533	1930	209.585	164.523	0	8.41235	2493.68	404.976	134.998	1465.26	488.447	0	14	1848
534	1057	131.694	439.163	0	8.40185	2484.35	404.03	134.864	1458.5	486.955	0	14	1110
535	1980	78.2699	324.787	0	3.55222	187.753	3.7262	78.9456	5.08414	99.9972	0	100	96
536	1073	152.756	186.794	0	8.41271	2494	405	135	1465.5	488.5	0	14	20028
537	1934	164.966	415.056	0	8.41212	2493.48	404.959	134.996	1465.11	488.412	0	14	1740
538	1742	203.995	392.068	0	4.42406	362.703	24.1328	97.967	51.3486	189.255	0	100	60
539	1870	386.104	263.825	0	8.4127	2493.99	404.999	135	1465.49	488.498	0	14	2604
540	1820	376.944	375.542	0	8.4127	2493.99	405	135	1465.5	488.499	0	14	2706
541	1795	155.676	261.522	0	8.39735	2480.37	403.607	134.802	1455.63	486.325	0	14	1050
542	1450	408.132	133.101	0	8.41271	2494	405	135	1465.5	488.5	0	14	9138
543	1085	192.82	237.033	0	8.41271	2494	405	135	1465.5	488.5	0	14	6408
544	1090	179.479	420.032	0	8.40788	2489.7	404.601	134.949	1462.35	487.802	0	14	1284
545	1664	201.631	338.947	0	6.67717	1247	202.5	67.5	732.75	244.25	0	14	0
546	1092	276.613	400.209	0	8.41271	2494	405	135	1465.5	488.5	0	14	5670
547	1922	464.099	264.386	0	8.41247	2493.79	404.985	134.999	1465.34	488.465	0	14	1938
548	1639	148.786	378.271	0	8.41271	2494	405	135	1465.5	488.5	0	14	5808
549	2026	242.389	164.309	0	8.25826	2359.14	386.863	131.815	1372.2	468.265	0	14	546
550	1119	181.796	338.085	0	8.41271	2494	405	135	1465.5	488.5	0	14	6120
551	1315	493.721	315.891	0	8.41271	2494	405	135	1465.5	488.5	0	14	5724
552	1910	233.01	294.085	0	8.41219	2493.53	404.965	134.997	1465.15	488.422	0	14	1794
553	1823	452.938	388.347	0	8.41271	2494	405	135	1465.5	488.5	0	14	3234
554	1762	212.201	349.825	0	8.40537	2487.47	404.369	134.915	1460.74	487.447	0	14	1194
555	1808	342.273	296.26	0	7.70002	1912.34	312.718	116.139	1081.36	402.12	0	14	228
556	1133	128.245	196.296	0	8.41271	2494	405	135	1465.5	488.5	0	14	3630
557	1328	265.563	240.948	0	8.33903	2429.04	396.979	133.669	1419.84	478.556	0	14	702
558	1887	115.805	268.332	0	8.41268	2493.97	404.998	135	1465.48	488.495	0	14	2352
559	1882	167.225	235.838	0	8.39707	2480.12	403.552	134.79	1455.48	486.294	0	14	1032
560	1137	264.889	266.922	0	8.41271	2494	405	135	1465.5	488.5	0	14	6360
561	1251	253.205	474.727	0	8.41271	2494	405	135	1465.5	488.5	0	14	5178
562	1938	346.763	320.635	0	8.41194	2493.31	404.945	134.994	1464.99	488.385	0	14	1680
563	1567	442.117	350.171	0	8.41271	2494	405	135	1465.5	488.5	0	14	2940
564	1640	-nan	-nan	0	7.20503	1566.74	253.006	100.023	870.276	343.435	0	14	120
565	2006	146.778	300.792	0	8.3632	2450.22	399.828	134.168	1434.5	481.73	0	14	786
566	2077	339.777	400.393	0	6.71158	1266.38	203.167	71.8815	734.068	257.261	0	14	12
567	1977	371.77	420.11	0	8.403	2485.37	404.143	134.881	1459.23	487.116	0	14	1134
568	1272	354.788	442.358	0	8.41271	2494	405	135	1465.5	488.5	0	14	4842
569	1690	163.374	329.251	0	8.41271	2494	405	135	1465.5	488.5	0	14	5052
570	1687	246.369	349.684	0	8.41271	2494	405	135	1465.5	488.5	0	14	5082
571	1414	454.776	229.802	0	8.41271	2494	405	135	1465.5	488.5	0	14	9912
572	1846	256.03	279.998	0	8.41271	2494	405	135	1465.5	488.5	0	14	2880
573	1856	276.823	325.113	0	8.4127	2493.99	405	135	1465.5	488.499	0	14	2748
574	1526	402.536	387.974	0	6.89432	1372.66	218.552	85.0792	771.685	297.343	0	14	54
575	1298	220.6	412.314	0	8.408	2489.81	404.613	134.95	1462.43	487.82	0	14	1290
576	1862	125.047	425.179	0	8.4127	2493.99	405	135	1465.5	488.499	0	14	2694
577	2017	192.691	326.935	0	8.32788	2419.31	395.623	133.426	1413.15	477.111	0	14	672
578	1657	185.62	370.781	0	8.41271	2494	405	135	1465.5	488.5	0	14	5550
579	1777	360.54	410.151	0	8.4127	2493.99	405	135	1465.49	488.499	0	14	2652
580	1744	371.023	172.182	0	8.41271	2494	405	135	1465.5	488.5	0	14	4266
581	1661	99.3929	353.351	0	3.9178	251.893	9.59281	88.0362	16.2973	137.967	0	100	78
582	1746	158.257	401.878	0	8.41271	2494	405	135	1465.5	488.5	0	14	3618
583	1487	328.417	207.052	0	8.4127	2493.99	405	135	1465.5	488.499	0	14	2730
584	1188	373.917	361.196	0	8.38823	2472.29	402.626	134.64	1449.94	485.085	0	14	936
585	1190	389.278	314.392	0	8.08613	2214.68	364.101	127.379	1275.92	447.274	0	14	390
586	1281	405.749	194.48	0	8.41271	2494	405	135	1465.5	488.5	0	14	3876
587	1807	133.927	412.724	0	8.41271	2494	405	135	1465.5	488.5	0	14	3438
588	1312	77.1219	289.85	0	6.71158	1266.38	203.167	71.8815	734.068	257.261	0	14	12
589	1971	212.583	438.794	0	8.40537	2487.47	404.369	134.915	1460.74	487.447	0	14	1194
590	1582	196.717	192.329	0	8.39794	2480.88	403.64	134.803	1456.03	486.413	0	14	1044
591	1321	186.637	465.16	0	8.41271	2494	405	135	1465.5	488.5	0	14	11562
592	1803	425.401	229.152	0	8.1947	2305.09	378.57	130.236	1335.88	460.397	0	14	474
593	1337	219.819	287.093	0	8.41271	2494	405	135	1465.5	488.5	0	14	6324
594	2056	466.901	314.154	0	7.54436	1798.69	292.743	111.148	1010.85	383.948	0	14	186
595	1929	94.4763	271.259	0	8.41235	2493.68	404.976	134.998	1465.26	488.447	0	14	1848
596	2029	362.832	300.096	0	8.2239	2329.82	382.405	130.972	1352.45	463.992	0	14	504
597	1440	316.209	369.74	0	8.41271	2494	405	135	1465.5	488.5	0	14	9342
598	1244	437.862	330.818	0	0.918582	3.2467	3.18888e-10	3.20237	4.73388e-12	0.0443369	0	100	480
599	1245	334.854	391.006	0	6.71158	1266.38	203.167	71.8815	734.068	257.261	0	14	12
600	1766	145.514	272.923	0	8.41271	2494	405	135	1465.5	488.5	0	14	4032
601	1250	-nan	-nan	0	8.41271	2494	405	135	1465.5	488.5	0	14	14460
602	1335	175.651	476.809	0	8.41271	2494	405	135	1465.5	488.5	0	14	11562
603	1256	367.727	434.558	0	8.403	2485.37	404.143	134.881	1459.23	487.116	0	14	1134
604	1854	268.632	214.758	0	8.41266	2493.96	404.997	135	1465.47	488.493	0	14	2304
605	1778	414.92	181.251	0	8.03527	2173.15	357.269	125.987	1248.67	441.228	0	14	360
606	1826	289.045	408.516	0	8.41001	2491.6	404.789	134.975	1463.73	488.107	0	14	1410
607	1525	397.3	424.244	0	6.67647	1246.61	202.468	67.4967	732.456	244.184	0	14	0
608	1953	437.815	390.797	0	8.41036	2491.91	404.819	134.979	1463.96	488.157	0	14	1440
609	1796	346.612	275.999	0	8.41258	2493.89	404.992	134.999	1465.41	488.481	0	14	2070
610	2014	422.737	391.049	0	8.34511	2434.36	397.703	133.796	1423.51	479.351	0	14	720
611	1283	302.881	195.533	0	8.4103	2491.86	404.813	134.978	1463.92	488.148	0	14	1434
612	1638	475.91	372.687	0	8.4127	2493.99	405	135	1465.49	488.499	0	14	2670
613	1413	127.386	246.644	0	7.21189	1571.22	252.637	99.3215	875.964	343.296	0	14	114
614	1317	278.81	339.669	0	8.41254	2493.85	404.989	134.999	1465.38	488.474	0	14	2010
615	2043	424.485	276.828	0	8.00101	2145.48	352.662	125.032	1230.6	437.182	0	14	342
616	1937	105.501	312.212	0	8.412	2493.37	404.95	134.995	1465.03	488.394	0	14	1698
617	1783	358.693	238.625	0	8.41271	2494	405	135	1465.5	488.5	0	14	3498
618	1331	313.362	234.887	0	8.4126	2493.91	404.993	134.999	1465.43	488.484	0	14	2112
619	1340	297.664	209.839	0	8.41271	2494	405	135	1465.5	488.5	0	14	11424
620	1947	-nan	-nan	0	8.41101	2492.49	404.873	134.986	1464.38	488.25	0	14	1518
621	1932	299.165	239.924	0	8.41228	2493.62	404.971	134.997	1465.21	488.435	0	14	1806
622	1880	133.794	371.789	0	8.41269	2493.98	404.999	135	1465.49	488.497	0	14	2466
623	1344	374.259	272.752	0	8.41271	2494	405	135	1465.5	488.5	0	14	5724
624	1779	186.681	175.058	0	8.41206	2493.42	404.954	134.995	1465.06	488.403	0	14	1716
625	1346	166.876	191.945	0	8.32788	2419.31	395.623	133.426	1413.15	477.111	0	14	672
626	1496	345.935	261.322	0	8.41271	2494	405	135	1465.5	488.5	0	14	7704
627	1909	411.774	236.689	0	8.41257	2493.88	404.992	134.999	1465.41	488.48	0	14	2058
628	1351	176.293	383.212	0	8.41265	2493.95	404.997	135	1465.46	488.491	0	14	2250
629	1399	426.724	351.219	0	8.41271	2494	405	135	1465.5	488.5	0	14	10206
630	1931	292.932	184.398	0	8.41229	2493.63	404.972	134.997	1465.22	488.437	0	14	1812
631	1716	124.893	315.527	0	7.26878	1608.69	259.407	101.609	897.053	350.625	0	14	126
632	1355	448.856	214.262	0	8.41271	2494	405	135	1465.5	488.5	0	14	7122
633	1356	332.635	269.594	0	8.41271	2494	405	135	1465.5	488.5	0	14	11130
634	1595	261.942	377.666	0	8.41271	2494	405	135	1465.5	488.5	0	14	3228
635	1619	181.832	189.823	0	8.41271	2494	405	135	1465.5	488.5	0	14	6138
636	1449	308.247	181.312	0	8.41271	2494	405	135	1465.5	488.5	0	14	5442
637	1361	211.505	191.422	0	8.41271	2494	405	135	1465.5	488.5	0	14	5610
638	1750	413.828	220.548	0	8.41257	2493.88	404.992	134.999	1465.41	488.48	0	14	2058
639	1780	320.753	312.52	0	8.41269	2493.98	404.999	135	1465.48	488.496	0	14	2424
640	1739	493.114	298.136	0	8.41271	2494	405	135	1465.5	488.5	0	14	4350
641	1781	106.781	280.056	0	8.41271	2494	405	135	1465.5	488.5	0	14	3666
642	1765	226.93	144.594	0	8.41271	2494	405	135	1465.5	488.5	0	14	3096
643	1372	288.916	104.153	0	8.41271	2494	405	135	1465.5	488.5	0	14	4710
644	1959	304.977	337.049	0	8.40959	2491.22	404.753	134.97	1463.46	488.046	0	14	1380
645	1957	419.277	364.713	0	8.40986	2491.47	404.776	134.973	1463.63	488.085	0	14	1398
646	1382	209.909	423.532	0	8.40537	2487.47	404.369	134.915	1460.74	487.447	0	14	1194
647	1911	261.741	294.389	0	8.41257	2493.88	404.991	134.999	1465.41	488.479	0	14	2058
648	1894	462.96	187.32	0	8.41251	2493.82	404.987	134.999	1465.36	488.469	0	14	2004
649	1402	92.6755	287.304	0	8.39021	2474.04	402.837	134.675	1451.18	485.354	0	14	954
650	1403	296.98	468.575	0	8.41271	2494	405	135	1465.5	488.5	0	14	6264
651	1404	428.343	336.055	0	8.41271	2494	405	135	1465.5	488.5	0	14	4104
652	1996	280.668	268.465	0	8.38269	2467.39	402.034	134.544	1446.48	484.331	0	14	894
653	1406	249.754	387.482	0	8.34884	2437.62	398.147	133.875	1425.76	479.838	0	14	732
654	1876	226.455	376.396	0	8.4124	2493.73	404.98	134.998	1465.29	488.454	0	14	1884
655	1860	375.869	390.811	0	8.00101	2145.47	352.661	125.032	1230.6	437.182	0	14	342
656	1952	166.675	463.438	0	8.41049	2492.03	404.829	134.98	1464.04	488.176	0	14	1452
657	1497	242.032	312.446	0	8.41271	2494	405	135	1465.5	488.5	0	14	8280
658	1416	293.373	118.588	0	8.28629	2383.25	390.444	132.482	1388.53	471.793	0	14	588
659	1475	129.817	276.219	0	8.40951	2491.15	404.751	134.97	1463.4	488.032	0	14	1398
660	1973	218.003	335.691	0	8.40537	2487.47	404.369	134.915	1460.74	487.447	0	14	1194
661	1419	313.015	105.289	0	8.4127	2493.99	405	135	1465.49	488.499	0	14	2664
662	1849	176.381	404.532	0	8.41271	2494	405	135	1465.5	488.499	0	14	2832
663	1627	243.125	221.096	0	8.41271	2494	405	135	1465.5	488.5	0	14	6042
664	1436	321.358	118.888	0	8.41271	2494	405	135	1465.5	488.5	0	14	9408
665	1437	67.0467	321.688	0	8.28305	2380.45	390.282	132.479	1386.38	471.309	0	14	594
666	1438	298.178	453.086	0	8.41271	2494	405	135	1465.5	488.5	0	14	4158
667	1444	236.66	234.625	0	8.4127	2493.99	404.999	135	1465.49	488.498	0	14	2544
668	1950	127.258	398.634	0	8.41009	2491.67	404.802	134.977	1463.77	488.115	0	14	1482
669	1451	209.869	274.473	0	8.41271	2494	405	135	1465.5	488.5	0	14	3420
670	1452	211.512	247.029	0	8.41271	2494	405	135	1465.5	488.499	0	14	2862
671	1963	133.44	327.532	0	8.40925	2490.92	404.723	134.966	1463.24	487.997	0	14	1356
672	1918	464.472	213.049	0	8.41251	2493.82	404.987	134.999	1465.37	488.47	0	14	1974
673	1976	283.99	241.769	0	8.40427	2486.5	404.265	134.9	1460.04	487.293	0	14	1164
674	1457	118.203	411.017	0	8.41009	2491.67	404.802	134.977	1463.77	488.115	0	14	1482
675	1964	122.034	338.849	0	8.40711	2489.02	404.549	134.944	1461.84	487.688	0	14	1332
676	2073	257.117	460.763	0	6.69198	1255.32	201.606	73.5195	720.261	259.929	0	14	18
677	1925	263.197	407.785	0	8.41245	2493.77	404.983	134.998	1465.32	488.461	0	14	1914
678	1881	327.626	297.514	0	8.41269	2493.98	404.999	135	1465.48	488.496	0	14	2424
679	1462	300.988	99.933	0	4.06227	280.798	13.0403	91.1405	23.7925	152.825	0	100	72
680	1695	279.469	131.469	0	8.41271	2494	405	135	1465.5	488.5	0	14	4974
681	2012	240.236	447.57	0	8.35568	2443.62	398.953	134.016	1429.91	480.737	0	14	756
682	1467	276.077	294.704	0	8.41271	2494	405	135	1465.5	488.5	0	14	6174
683	1829	478.826	268.2	0	8.41271	2494	405	135	1465.5	488.5	0	14	3174
684	1711	259.537	199.235	0	6.82182	1329.81	212.821	84.1319	742	290.854	0	14	54
685	2050	283.314	173.889	0	7.73819	1940.91	319.721	118.278	1096.25	406.666	0	14	264
686	1676	318.711	192.792	0	8.41271	2494	405	135	1465.5	488.5	0	14	5268
687	2033	425.547	243.507	0	8.1947	2305.09	378.57	130.236	1335.88	460.397	0	14	474
688	1550	442.624	401.289	0	3.78562	227.248	7.02417	84.955	11.0989	124.17	0	100	84
689	1479	93.0389	227.098	0	8.41271	2494	405	135	1465.5	488.5	0	14	8562
690	1481	102.914	215.33	0	8.41271	2494	405	135	1465.5	488.5	0	14	8520
691	1482	171.377	177.248	0	8.41271	2494	405	135	1465.5	488.5	0	14	8544
692	1483	137.881	312.503	0	8.3632	2450.22	399.828	134.168	1434.5	481.73	0	14	786
693	1864	460.505	374.965	0	8.4127	2493.99	405	135	1465.49	488.499	0	14	2670
694	1943	135.484	345.119	0	8.41154	2492.96	404.915	134.991	1464.73	488.327	0	14	1590
695	1489	366.18	193.323	0	8.41271	2494	405	135	1465.5	488.5	0	14	7038
696	2016	250.994	239.452	0	8.33903	2429.04	396.979	133.669	1419.84	478.556	0	14	702
697	1577	487.724	197.083	0	8.31755	2410.32	394.362	133.199	1406.98	475.779	0	14	648
698	1956	120.035	288.288	0	8.40951	2491.15	404.751	134.97	1463.4	488.032	0	14	1398
699	2047	413.402	345.024	0	7.93688	2094.29	344.047	123.211	1197.38	429.656	0	14	312
700	1494	383.109	432.988	0	8.41271	2494	405	135	1465.5	488.5	0	14	8328
701	1498	270.772	145.291	0	8.41271	2494	405	135	1465.5	488.5	0	14	4974
702	2020	272.623	200.547	0	8.31187	2405.39	393.665	133.073	1403.6	475.047	0	14	636
703	1740	371.749	231.269	0	8.41151	2492.93	404.912	134.99	1464.7	488.322	0	14	1584
704	1895	358.45	327.266	0	7.05445	1470.54	235.081	92.8035	820.663	321.994	0	14	84
705	1591	109.578	348.493	0	8.4127	2493.99	404.999	135	1465.49	488.498	0	14	2598
706	1616	191.887	351.829	0	8.41271	2494	405	135	1465.5	488.5	0	14	5460
707	1504	397.893	236.362	0	6.99069	1431.03	228.284	89.8746	800.243	312.631	0	14	72
708	1505	320.669	283.207	0	7.93688	2094.29	344.047	123.211	1197.38	429.656	0	14	312
709	1590	239.151	123.473	0	8.41271	2494	405	135	1465.5	488.5	0	14	6606
710	1508	236.422	264.13	0	8.41271	2494	405	135	1465.5	488.5	0	14	7998
711	1868	387.077	215.213	0	8.4127	2493.99	405	135	1465.49	488.499	0	14	2646
712	1831	416.486	327.094	0	8.41271	2494	405	135	1465.5	488.5	0	14	3168
713	1570	491.773	307.069	0	1.54796	15.5372	4.42852e-07	14.8261	2.27728e-08	0.71105	0	100	378
714	1545	372.263	215.993	0	8.41235	2493.68	404.976	134.998	1465.26	488.447	0	14	1848
715	1941	406.887	411.408	0	8.41182	2493.21	404.937	134.993	1464.91	488.369	0	14	1650
716	2019	472.392	199.993	0	8.31755	2410.32	394.362	133.199	1406.98	475.779	0	14	648
717	1776	177.443	304.363	0	8.41271	2494	405	135	1465.5	488.5	0	14	3930
718	1522	468.044	279.859	0	8.41271	2494	405	135	1465.5	488.5	0	14	7806
719	1878	458.531	326.09	0	8.4127	2493.99	404.999	135	1465.49	488.498	0	14	2532
720	2015	244.247	462.393	0	8.34502	2434.29	397.698	133.796	1423.45	479.338	0	14	720
721	2054	234.762	364.133	0	7.65871	1881.72	307.333	114.832	1062.23	397.321	0	14	216
722	1919	300.412	82.5254	0	8.4125	2493.81	404.986	134.999	1465.36	488.468	0	14	1962
723	1992	184.995	148.267	0	8.3759	2461.4	401.424	134.458	1442.15	483.374	0	14	906
724	1537	248.702	402.801	0	8.41271	2494	405	135	1465.5	488.5	0	14	7560
725	1538	304.39	166.802	0	8.28262	2380.09	389.98	132.396	1386.38	471.33	0	14	582
726	1827	291.62	329.759	0	8.41271	2494	405	135	1465.5	488.5	0	14	3120
727	1691	226.229	318.874	0	8.41271	2494	405	135	1465.5	488.5	0	14	5046
728	1541	251.481	311.097	0	1.81999	25.2519	3.0064e-05	22.7346	3.56912e-06	2.5172	0	100	306
729	1542	283.357	214.236	0	8.2083	2316.58	380.563	130.642	1343.37	462.009	0	14	492
730	1543	437.262	269.658	0	8.41271	2494	405	135	1465.5	488.5	0	14	7218
731	1751	479.529	319.33	0	7.54436	1798.69	292.743	111.148	1010.85	383.948	0	14	186
732	1555	359.786	268.965	0	8.41271	2494	405	135	1465.5	488.5	0	14	7278
733	1556	-nan	-nan	0	8.41271	2494	405	135	1465.5	488.5	0	14	7266
734	1557	374.98	308.048	0	8.2239	2329.82	382.405	130.972	1352.45	463.992	0	14	504
735	1558	403.861	210.783	0	4.42406	362.702	24.1327	97.9669	51.3483	189.254	0	100	60
736	2030	240.194	189.763	0	8.21836	2325.11	381.683	130.834	1349.29	463.306	0	14	498
737	1806	134.116	215.818	0	8.41271	2494	405	135	1465.5	488.5	0	14	3438
738	1692	413.671	252.835	0	8.41271	2494	405	135	1465.5	488.5	0	14	3486
739	1584	484.314	241.454	0	8.40025	2482.94	403.904	134.849	1457.46	486.724	0	14	1110
740	1800	318.455	249.13	0	8.41271	2494	405	135	1465.5	488.5	0	14	3588
741	1745	180.093	244.77	0	8.38291	2467.59	402.049	134.545	1446.63	484.363	0	14	894
742	1898	307.648	321.631	0	8.41264	2493.94	404.996	135	1465.45	488.49	0	14	2208
743	1597	301.155	367.004	0	8.41271	2494	405	135	1465.5	488.5	0	14	6438
744	2018	175.311	204.157	0	8.32788	2419.31	395.623	133.426	1413.15	477.111	0	14	672
745	1599	180.382	319.802	0	7.99988	2144.56	353.88	125.497	1228.37	436.81	0	14	366
746	1600	183.017	218.156	0	1.81996	25.2509	3.0059e-05	22.734	3.56816e-06	2.51686	0	100	306
747	1981	308.862	298.958	0	8.39947	2482.24	403.796	134.828	1456.99	486.625	0	14	1068
748	1603	484.214	211.773	0	8.41271	2494	405	135	1465.5	488.5	0	14	6342
749	1859	236.03	206.249	0	8.4127	2493.99	405	135	1465.5	488.499	0	14	2718
750	2065	401.291	247.511	0	6.99069	1431.03	228.284	89.8746	800.243	312.631	0	14	72
751	1984	204.388	205.889	0	8.39794	2480.88	403.64	134.803	1456.03	486.413	0	14	1044
752	1614	296.419	268.91	0	8.41271	2494	405	135	1465.5	488.5	0	14	4710
753	1615	346.261	214.494	0	8.41271	2494	405	135	1465.5	488.5	0	14	6174
754	1618	121.303	383.237	0	8.41271	2494	405	135	1465.5	488.5	0	14	5808
755	1620	267.37	466.135	0	6.69198	1255.32	201.606	73.5195	720.261	259.929	0	14	18
756	1621	196.592	300.157	0	7.65871	1881.72	307.333	114.832	1062.23	397.321	0	14	216
757	1623	247.961	368.71	0	7.65871	1881.72	307.333	114.832	1062.23	397.321	0	14	216
758	1686	166.139	250.698	0	8.41271	2494	405	135	1465.5	488.5	0	14	5088
759	1682	248.121	434.173	0	8.35568	2443.62	398.953	134.016	1429.91	480.737	0	14	756
760	1812	469.118	237.695	0	8.4116	2493.01	404.92	134.991	1464.77	488.336	0	14	1602
761	1633	262.928	422.528	0	8.41271	2494	405	135	1465.5	488.5	0	14	5904
762	1643	411.582	282.457	0	8.41248	2493.79	404.985	134.999	1465.34	488.465	0	14	1938
763	2048	-nan	-nan	0	7.90756	2071.18	340.18	122.385	1182.39	426.22	0	14	300
764	1646	-nan	-nan	0	8.41271	2494	405	135	1465.5	488.5	0	14	5682
765	1979	494.934	230.152	0	8.40025	2482.94	403.904	134.849	1457.46	486.724	0	14	1110
766	1648	306.433	430.74	0	8.41271	2494	405	135	1465.5	488.5	0	14	3216
767	1892	329.494	342.817	0	8.41266	2493.96	404.997	135	1465.47	488.492	0	14	2280
768	1651	108.266	366.492	0	8.41271	2494	405	135	1465.5	488.5	0	14	5130
769	1652	202.545	178.499	0	8.41271	2494	405	135	1465.5	488.5	0	14	5610
770	1940	168.918	448.21	0	8.41187	2493.25	404.94	134.994	1464.94	488.375	0	14	1662
771	1790	155.224	288.912	0	8.05651	2190.43	360.123	126.572	1259.99	443.746	0	14	372
772	1670	449.093	260.445	0	8.41271	2494	405	135	1465.5	488.5	0	14	3012
773	1671	91.8216	320.947	0	8.41151	2492.93	404.912	134.99	1464.7	488.322	0	14	1584
774	1903	348.431	368.718	0	8.41257	2493.88	404.992	134.999	1465.41	488.479	0	14	2100
775	1897	249.211	178.19	0	8.41264	2493.94	404.996	135	1465.45	488.49	0	14	2208
776	1674	245.281	137.65	0	8.41271	2494	405	135	1465.5	488.5	0	14	5304
777	1678	450.762	362.962	0	8.41271	2494	405	135	1465.5	488.5	0	14	5226
778	1917	215.6	463.103	0	8.41254	2493.85	404.989	134.999	1465.38	488.474	0	14	2004
779	1698	399.612	222.983	0	8.35882	2446.37	399.32	134.08	1431.82	481.15	0	14	768
780	1699	193.982	160.631	0	8.39553	2478.76	403.401	134.766	1454.51	486.081	0	14	1014
781	1700	360.24	456.566	0	8.41271	2494	405	135	1465.5	488.5	0	14	4842
782	1702	161.248	387.391	0	8.41271	2494	405	135	1465.5	488.5	0	14	4824
783	1972	309.311	393.939	0	7.2602	1603	258.749	101.522	893.007	349.721	0	14	126
784	1704	230.061	460.018	0	8.34502	2434.29	397.698	133.796	1423.45	479.338	0	14	720
785	1706	481.312	357.948	0	8.41271	2494	405	135	1465.5	488.5	0	14	4770
786	2011	-nan	-nan	0	8.3572	2444.96	399.135	134.048	1430.84	480.936	0	14	762
787	1824	273.806	353.966	0	8.39203	2475.65	403.029	134.706	1452.31	485.602	0	14	972
788	1719	225.05	273.539	0	8.41271	2494	405	135	1465.5	488.5	0	14	3672
789	1720	276.151	384.667	0	8.41271	2494	405	135	1465.5	488.5	0	14	4476
790	1988	106.169	295.097	0	8.39021	2474.04	402.837	134.675	1451.18	485.354	0	14	954
791	1725	131.884	297.895	0	8.38891	2472.89	402.698	134.652	1450.36	485.177	0	14	942
792	1935	178.25	162.4	0	8.41206	2493.42	404.954	134.995	1465.06	488.403	0	14	1716
793	1727	362.353	314.923	0	8.41271	2494	405	135	1465.5	488.5	0	14	4410
794	1728	149.455	414.479	0	8.41271	2494	405	135	1465.5	488.5	0	14	4404
795	1928	358.847	223.107	0	8.41235	2493.68	404.976	134.998	1465.26	488.447	0	14	1848
796	1731	388.349	278.711	0	8.41271	2494	405	135	1465.5	488.5	0	14	4386
797	1732	423.741	263.228	0	8.00101	2145.48	352.662	125.032	1230.6	437.182	0	14	342
798	1986	193.674	151.393	0	1.51041	14.4337	2.85069e-07	13.8314	1.33097e-08	0.602279	0	100	384
799	1735	292.785	423.216	0	8.41271	2494	405	135	1465.5	488.5	0	14	4362
800	1736	403.452	291.865	0	6.71158	1266.38	203.167	71.8815	734.068	257.261	0	14	12
801	1737	308.92	140.737	0	8.41269	2493.99	404.999	135	1465.49	488.498	0	14	2526
802	1951	321.886	390.98	0	8.41055	2492.08	404.834	134.981	1464.08	488.184	0	14	1458
803	2008	398.694	346.461	0	8.36178	2448.98	399.664	134.14	1433.63	481.542	0	14	780
804	1743	470.025	295.509	0	8.41271	2494	405	135	1465.5	488.5	0	14	3642
805	1852	258.937	226.595	0	8.41271	2494	405	135	1465.5	488.499	0	14	2802
806	2009	270.064	452.189	0	8.36032	2447.69	399.495	134.11	1432.74	481.349	0	14	774
807	1974	286.422	89.0238	0	8.40494	2487.1	404.329	134.909	1460.47	487.388	0	14	1182
808	1756	335.405	126.022	0	8.37935	2464.45	401.658	134.48	1444.43	483.885	0	14	870
809	1757	194.628	278.374	0	8.41271	2494	405	135	1465.5	488.5	0	14	3468
810	1760	429.512	320.075	0	8.41271	2494	405	135	1465.5	488.5	0	14	3084
811	2038	140.806	286.724	0	8.05651	2190.43	360.123	126.572	1259.99	443.746	0	14	372
812	1958	248.858	418.554	0	8.40986	2491.47	404.776	134.973	1463.63	488.085	0	14	1398
813	1769	376.598	322.662	0	8.41259	2493.89	404.993	134.999	1465.42	488.482	0	14	2088
814	1913	324.314	356.632	0	8.41251	2493.82	404.988	134.999	1465.37	488.47	0	14	2028
815	1787	282.523	312.066	0	8.41271	2494	405	135	1465.5	488.5	0	14	3696
816	1788	324.767	454.418	0	8.41271	2494	405	135	1465.5	488.5	0	14	3690
817	1923	180.344	227.729	0	8.41246	2493.78	404.984	134.999	1465.33	488.463	0	14	1926
818	1802	359.032	253.776	0	8.36178	2448.98	399.664	134.14	1433.63	481.542	0	14	780
819	1809	205.292	289.374	0	8.41271	2494	405	135	1465.5	488.5	0	14	3420
820	1810	310.851	461.459	0	8.41271	2494	405	135	1465.5	488.5	0	14	3414
821	1874	466.281	360.714	0	8.4127	2493.99	404.999	135	1465.49	488.498	0	14	2592
822	1819	404.45	360.2	0	8.36178	2448.98	399.664	134.14	1433.63	481.542	0	14	780
823	1834	313.716	74.5192	0	8.4125	2493.81	404.986	134.999	1465.36	488.468	0	14	1962
824	1835	223.637	158.989	0	8.41271	2494	405	135	1465.5	488.5	0	14	3096
825	1836	362.75	369.929	0	7.95045	2105.06	345.868	123.6	1204.35	431.245	0	14	318
826	1841	341.718	334.799	0	8.41271	2494	405	135	1465.5	488.5	0	14	2958
827	1842	487.316	307.227	0	3.19586	136.726	1.04884	68.6045	1.08332	65.989	0	100	120
828	1843	457.232	348.924	0	8.4127	2493.99	404.999	135	1465.49	488.498	0	14	2592
829	1926	140.629	258.116	0	8.41242	2493.74	404.981	134.998	1465.3	488.456	0	14	1890
830	1850	439.801	201.179	0	8.41271	2494	405	135	1465.5	488.499	0	14	2820
831	1990	357.726	356.174	0	8.38823	2472.29	402.626	134.64	1449.94	485.085	0	14	936
832	1853	425.776	192.993	0	8.41271	2494	405	135	1465.5	488.499	0	14	2784
833	1883	211.295	375.784	0	8.41268	2493.97	404.998	135	1465.48	488.495	0	14	2382
834	1884	161.737	302.287	0	8.41268	2493.97	404.998	135	1465.48	488.495	0	14	2382
835	1885	284.506	446.288	0	8.41268	2493.97	404.998	135	1465.48	488.495	0	14	2358
836	1969	171.901	433.586	0	8.40788	2489.7	404.601	134.949	1462.35	487.802	0	14	1284
837	1946	112.154	396.239	0	8.41133	2492.77	404.898	134.989	1464.59	488.296	0	14	1554
838	1890	335.092	425.558	0	8.41266	2493.95	404.997	135	1465.46	488.492	0	14	2286
839	1944	386.923	246.031	0	8.41151	2492.93	404.912	134.99	1464.7	488.322	0	14	1584
840	1893	187.801	393.772	0	8.41265	2493.95	404.997	135	1465.46	488.491	0	14	2250
841	2046	317.958	268.224	0	7.93688	2094.29	344.047	123.211	1197.38	429.656	0	14	312
842	1901	303.956	223.347	0	8.4126	2493.91	404.993	134.999	1465.43	488.484	0	14	2112
843	1902	391.892	379.956	0	8.4126	2493.9	404.993	134.999	1465.42	488.483	0	14	2100
844	1904	178.413	447.875	0	1.81999	25.252	3.00648e-05	22.7347	3.56929e-06	2.51726	0	100	306
845	1905	380.972	337.153	0	8.41259	2493.89	404.993	134.999	1465.42	488.482	0	14	2088
846	1906	354.606	288.376	0	8.41258	2493.89	404.992	134.999	1465.41	488.481	0	14	2070
847	1907	124.666	232.08	0	8.41258	2493.88	404.992	134.999	1465.41	488.48	0	14	2064
848	1912	274.904	228.251	0	8.41256	2493.86	404.99	134.999	1465.4	488.477	0	14	2034
849	1914	264.773	350.779	0	1.95774	31.4305	0.000171291	27.1675	2.88183e-05	4.26284	0	100	276
850	1915	468.689	172.973	0	8.41251	2493.82	404.987	134.999	1465.36	488.469	0	14	2004
851	1916	441.396	283.477	0	8.41254	2493.84	404.989	134.999	1465.38	488.474	0	14	2004
852	1965	188.636	209.961	0	8.40814	2489.94	404.625	134.952	1462.52	487.839	0	14	1296
853	1966	228.65	400.193	0	6.75082	1288.72	205.733	75.9405	737.984	269.061	0	14	24
854	1967	302.098	382.66	0	8.40227	2484.73	404.116	134.883	1458.73	487	0	14	1194
855	1991	226.517	245.743	0	8.38454	2469.03	402.227	134.575	1447.64	484.584	0	14	906
856	1999	179.612	277.385	0	8.37208	2458.04	400.844	134.342	1439.94	482.91	0	14	828
857	2000	231.062	349.954	0	8.37208	2458.03	400.843	134.342	1439.94	482.91	0	14	828
858	2001	152.568	231.289	0	8.36074	2448.06	399.734	134.173	1432.81	481.344	0	14	810
859	2002	287.39	198.818	0	8.36722	2453.76	400.291	134.248	1436.96	482.263	0	14	804
860	2003	337.223	378.743	0	7.96298	2115.02	348.498	124.302	1209.68	432.546	0	14	336
861	2004	504.205	259.701	0	8.36458	2451.44	399.987	134.195	1435.34	481.912	0	14	792
862	2005	355.92	340.673	0	8.36052	2447.87	399.638	134.148	1432.75	481.338	0	14	792
863	2021	401.132	431.937	0	1.07989	5.27505	2.15652e-10	5.21574	2.62916e-12	0.0593053	0	100	498
864	2022	71.7938	335.49	0	8.28305	2380.45	390.282	132.479	1386.38	471.309	0	14	594
865	2023	295.251	133.539	0	8.28629	2383.25	390.444	132.482	1388.53	471.793	0	14	588
866	2024	290.733	163.159	0	7.73819	1940.91	319.721	118.278	1096.25	406.666	0	14	264
867	2025	442.06	297.669	0	8.28262	2380.09	389.98	132.396	1386.38	471.33	0	14	582
868	2028	262.215	186.294	0	8.20554	2314.25	380.701	130.728	1341.28	461.535	0	14	510
869	2035	441.78	311.54	0	7.94016	2096.89	347.554	124.5	1195.16	429.679	0	14	390
870	2036	391.798	327.873	0	8.08613	2214.68	364.101	127.379	1275.92	447.274	0	14	390
871	2037	314.268	155.404	0	8.07654	2206.81	362.815	127.119	1270.75	446.13	0	14	384
872	2039	221.984	259.292	0	8.03067	2169.42	357.271	126.071	1245.53	440.546	0	14	366
873	2040	167.304	315.43	0	7.99988	2144.56	353.88	125.497	1228.37	436.81	0	14	366
874	2041	429.386	178.232	0	8.03527	2173.15	357.269	125.987	1248.67	441.228	0	14	360
875	2042	364.273	383.508	0	8.00101	2145.47	352.661	125.032	1230.6	437.182	0	14	342
876	2044	337.453	360.965	0	6.90947	1381.73	223.329	93.9727	749.109	315.319	0	14	114
877	2057	119.091	325.966	0	7.26878	1608.69	259.407	101.609	897.053	350.625	0	14	126
878	2058	300.661	402.358	0	7.2602	1603	258.749	101.522	893.007	349.721	0	14	126
879	2059	-nan	-nan	0	7.20503	1566.74	253.006	100.023	870.276	343.435	0	14	120
880	2060	126.564	259.56	0	7.21189	1571.22	252.637	99.3215	875.964	343.296	0	14	114
881	2061	329.179	369.337	0	6.90947	1381.73	223.329	93.9727	749.109	315.319	0	14	114
882	2062	121.797	364.189	0	7.14969	1530.92	245.577	96.8448	853.369	335.125	0	14	102
883	2063	114.303	254.309	0	7.0545	1470.58	235.083	92.8037	820.689	322	0	14	84
884	2064	368.226	333.771	0	7.05445	1470.54	235.081	92.8035	820.663	321.994	0	14	84
885	2066	209.047	260.112	0	6.61379	1211.82	194.285	80.6309	663.304	273.604	0	14	54
886	2067	247.822	200.107	0	6.82182	1329.81	212.821	84.1319	742	290.854	0	14	54
887	2069	130.562	357.059	0	5.85481	840.672	130.267	60.7321	445.119	204.554	0	14	36
888	2070	287.399	300.386	0	6.80881	1322.21	210.387	79.8097	750.776	281.242	0	14	36
889	2071	104.297	245.449	0	6.75623	1291.82	206.029	75.978	740.247	269.563	0	14	24
890	2074	92.3351	345.901	0	6.71158	1266.38	203.167	71.8815	734.068	257.261	0	14	12
891	2075	392.908	290.39	0	6.71158	1266.38	203.167	71.8815	734.068	257.261	0	14	12
892	2076	81.9858	299.954	0	6.71158	1266.38	203.167	71.8815	734.068	257.261	0	14	12
893	2078	204.407	343.217	0	6.67717	1247	202.5	67.5	732.75	244.25	0	14	0
894	2079	392.74	422.161	0	6.67647	1246.61	202.468	67.4967	732.456	244.184	0	14	0
